- Jet Lab
- Date: 2022-11-24 15:52:41
- Step: 500 motor steps
959
1012
995
1035
1007
1012
1007
999
997
1010
998
1019
1005
1006
1022
1017
1018
1019
1012
1033
1040
1025
1016
999
1004
1021
1017
1008
1025
993
1004
1006
1182
2501
3278
3413
3500
3423
3468
3504
3409
3531
3655
3457
3444
3564
3521
3574
3467
3450
3561
3474
3468
3623
3478
3505
3472
3522
3468
3554
3530
3508
3543
3506
3520
3338
2927
1460
1048
1013
998
1004
1008
1021
996
1010
1007
1009
1016
1021
1013
1015
1018
1004
1007
1021
973
1014
1003
1003
1000
1014
992
1012
1001
1005
1006
1017
990
989
