- Jet Lab
- Date: 2022-11-17 18:07:12
- Step: 500 motor steps
916
963
973
975
966
973
976
1002
983
986
1004
952
966
984
973
1009
988
975
1005
982
994
994
1040
1128
1113
1075
1117
1099
1053
1155
1201
1142
1264
1191
1325
1390
1515
1458
1529
1557
1644
1731
1985
1812
1840
1944
2241
2178
2334
2244
2733
2805
2760
2956
2907
3013
3122
3165
3190
3352
3285
3294
3392
3269
3280
3202
3048
3060
2897
2734
2794
2657
2421
2247
1942
1978
1898
1833
1866
1572
1812
1472
1544
1410
1236
1331
1091
1139
1186
1104
1041
1139
1007
1018
1003
1000
1007
983
1011
960
