- Jet Lab
- Date: 2022-11-17 18:08:25
- Step: 500 motor steps
931
978
961
971
1010
974
970
982
996
985
1005
992
1009
1062
1001
996
984
1040
1067
1025
1146
1133
1092
1057
1101
1066
1105
1200
1202
1174
1182
1345
1359
1265
1331
1336
1349
1382
1382
1394
1390
1353
1440
1463
1651
1542
1590
1748
1598
1957
1895
1958
1973
1983
2200
2026
2296
2274
2239
2202
2210
2337
2268
2272
2515
2325
2497
2299
2097
2038
2159
2091
2161
1990
1933
1945
1884
1730
1709
1693
1809
1425
1690
1517
1312
1582
1382
1397
1258
1130
1219
1201
1079
1183
1166
1163
1066
1080
1065
1103
