- Jet Lab
- Date: 2022-11-17 18:04:58
- Step: 500 motor steps
887
955
960
960
967
918
973
964
964
977
977
980
960
976
968
964
962
972
965
970
965
973
957
966
973
960
948
944
960
962
961
957
966
960
956
983
966
1071
1199
1822
2669
3042
3444
3454
3404
3521
3526
3498
3530
3398
3385
3405
3465
3467
3496
3491
3511
3485
3462
3570
3495
3485
3418
3513
3534
3445
3502
3488
3457
3461
3427
3405
3327
3288
2962
2574
2637
1685
1210
1006
1053
988
962
957
963
959
969
974
969
956
968
965
951
979
968
950
947
944
971
976
