- Jet Lab
- Date: 2022-11-17 18:09:35
- Step: 0 motor steps
938
927
981
929
903
906
941
1023
913
952
963
922
913
977
939
917
912
987
900
934
1018
969
848
961
898
944
902
988
939
891
963
984
936
963
968
915
945
940
920
943
903
994
920
953
938
914
927
968
948
888
888
1027
957
811
899
947
906
928
970
893
955
903
880
984
979
888
914
946
963
908
952
950
984
963
1007
927
950
929
973
925
944
926
960
977
889
940
944
884
892
954
815
950
922
924
936
903
950
901
924
900
888
919
914
894
934
937
875
865
935
907
888
932
897
870
906
977
932
940
916
983
963
897
812
921
916
872
925
912
947
906
935
928
963
957
928
944
875
951
952
921
946
893
925
933
924
887
884
960
890
980
961
862
884
892
923
918
903
966
958
940
846
880
921
970
963
915
888
921
955
967
895
920
955
977
907
918
907
908
892
882
907
919
893
935
915
940
968
918
960
892
925
854
869
953
905
908
871
906
911
959
972
900
839
936
887
885
917
907
937
921
949
886
930
899
885
941
908
960
944
933
936
954
962
904
902
906
939
897
867
891
913
918
926
851
920
900
920
943
957
975
951
968
899
915
927
938
901
949
888
865
910
966
930
938
924
892
992
924
892
970
883
963
929
954
949
914
910
959
940
849
987
915
889
868
859
923
985
937
890
915
880
938
905
948
843
872
952
915
936
904
906
935
926
880
864
871
935
894
903
895
867
921
906
937
999
949
884
976
923
897
899
854
911
932
966
899
924
935
913
960
924
943
899
955
892
915
926
860
944
911
868
969
867
881
896
960
965
895
936
912
970
951
884
939
886
969
954
913
930
891
927
918
942
998
956
902
905
892
866
976
979
888
904
908
921
923
857
928
899
956
964
938
999
970
941
944
960
936
903
891
932
888
940
924
887
957
971
896
796
907
907
931
943
864
929
1015
876
918
920
891
911
924
944
865
954
953
873
891
917
903
952
937
872
949
889
903
908
953
914
912
947
953
960
976
918
900
892
902
935
902
906
899
905
907
940
967
992
935
898
899
994
964
913
918
869
925
921
923
882
939
920
904
898
959
950
855
898
887
947
1001
879
929
947
912
920
903
936
870
963
894
887
881
908
838
904
966
975
960
945
835
897
969
959
943
941
937
965
908
908
932
993
891
962
938
856
928
912
939
879
935
