- Jet Lab
- Date: 2022-11-17 18:05:54
- Step: 500 motor steps
900
980
963
970
970
968
964
971
976
970
963
967
984
969
972
985
991
974
975
975
950
972
999
981
971
1029
1033
1016
1005
986
1048
1050
1072
1036
1249
1194
1356
1468
1655
1786
2095
2339
2450
2778
2822
3131
3242
3286
3352
3415
3483
3452
3423
3452
3381
3567
3539
3519
3505
3581
3463
3502
3445
3540
3312
3299
3401
2897
2975
2725
2731
2457
2399
2139
1990
2013
1726
1698
1465
1379
1185
1050
1076
1104
995
1028
948
969
963
974
975
965
960
973
957
962
963
965
941
957
