- Jet Lab
- Date: 2022-11-17 18:07:35
- Step: 500 motor steps
919
1001
983
964
970
988
984
1014
982
989
977
995
981
1005
980
1039
1020
987
993
1122
1010
1050
1156
1090
1157
1065
1199
1083
1133
1222
1191
1167
1208
1228
1332
1356
1356
1491
1497
1528
1691
1674
1821
1782
1693
1971
1870
2100
1995
2254
2246
2494
2604
2661
2627
2804
2783
3002
2994
3048
2888
2862
3014
2817
2944
3000
2962
2849
2656
2594
2348
2492
2299
1919
2192
2027
1841
1867
1989
1717
1523
1711
1731
1436
1295
1387
1346
1159
1263
1264
1281
1209
1074
1034
1037
1016
989
1061
1020
1025
