- Jet Lab
- Date: 2022-11-17 18:06:37
- Step: 500 motor steps
912
940
962
973
969
966
963
975
961
962
965
966
986
993
961
975
963
985
967
967
1002
1001
977
989
983
1003
1056
997
1090
1076
1122
1124
1111
1253
1229
1223
1369
1565
1522
1641
1804
1843
1829
2212
2267
2277
2603
2679
2896
2976
3158
3115
3290
3373
3374
3404
3465
3395
3392
3470
3481
3459
3547
3550
3345
3346
3244
3139
2919
2860
2532
2669
2446
2316
2097
2152
2242
1869
1738
1489
1555
1525
1375
1278
1246
1204
1144
974
977
1018
967
1000
981
970
965
977
970
981
969
973
