- Jet Lab
- Date: 2022-11-17 17:52:53
- Step: 500 motor steps
982
1033
1045
1051
1055
1069
1067
1051
1075
1065
1062
1052
1034
1048
1033
1044
1035
1057
1035
1027
1045
1038
1051
1040
1054
1052
1036
1066
1059
1035
1048
1042
1043
1050
1061
1035
1059
1048
1323
2348
3288
3335
3479
3531
3593
3574
3662
3514
3472
3527
3502
3472
3525
3564
3523
3479
3495
3541
3540
3476
3520
3539
3542
3503
3500
3523
3500
3508
3467
3557
3486
3426
3208
2778
2082
1336
1057
1054
1050
1047
1039
1051
1041
1044
1049
1056
1067
1039
1050
1050
1029
1042
1053
1054
1056
1056
1057
1056
1045
1049
