- Jet Lab
- Date: 2022-11-17 18:07:54
- Step: 500 motor steps
941
988
971
974
991
987
992
986
1003
997
982
1003
1005
1028
1009
982
1042
1057
1060
1060
1115
1004
1004
1084
1136
1198
1083
1111
1097
1141
1088
1226
1081
1273
1136
1334
1321
1406
1421
1427
1384
1563
1497
1534
1485
1675
1821
1869
1866
1965
2071
2181
2342
2180
2226
2204
2312
2366
2435
2474
2654
2532
2448
2673
2633
2472
2658
2518
2535
2370
2293
2242
2219
2212
2076
1941
1980
1796
1909
1864
1628
1576
1488
1706
1474
1533
1380
1288
1422
1363
1252
1195
1124
1208
1156
1149
1113
1068
1066
1014
