1019
1019
1019
980
980
980
980
980
1001
1001
1001
1001
1001
990
990
990
990
990
990
1005
1005
1005
1005
1005
986
986
986
986
986
995
995
995
995
995
995
995
995
995
995
995
984
984
984
984
984
1003
1003
1003
1003
1003
1003
1004
1004
1004
1004
1004
987
987
987
987
987
989
989
989
989
989
989
999
999
999
999
999
987
987
987
987
987
998
998
998
998
998
998
987
987
987
987
987
987
987
987
987
987
1011
1011
1011
1011
1011
1011
1000
1000
1000
1000
1000
978
978
978
978
978
995
995
995
995
995
995
984
984
984
984
984
996
996
996
996
996
980
980
980
980
980
980
1004
1004
1004
1004
1004
995
995
995
995
995
1015
1015
1015
1015
1015
1015
998
998
998
998
998
972
972
972
972
972
1010
1010
1010
1010
1010
1010
999
999
999
999
999
1007
1007
1007
1007
1007
987
987
987
987
987
987
1002
1002
1002
1002
1002
1002
1002
1002
1002
1002
1004
1004
1004
1004
1004
1004
1020
1020
1020
1020
1020
1013
1013
1013
1013
1013
989
989
989
989
989
989
984
984
984
984
984
1005
1005
1005
1005
1005
992
992
992
992
992
992
1025
1025
1025
1025
1025
997
997
997
997
997
1007
1007
1007
1007
1007
1007
995
995
995
995
995
1000
1000
1000
1000
1000
1020
1020
1020
1020
1020
1020
1019
1019
1019
1019
1019
1013
1013
1013
1013
1013
1019
1019
1019
1019
1019
1019
1019
1019
1019
1019
1019
1014
1014
1014
1014
1014
1030
1030
1030
1030
1030
1030
1003
1003
1003
1003
1003
1030
1030
1030
1030
1030
1021
1021
1021
1021
1021
1021
1022
1022
1022
1022
1022
1037
1037
1037
1037
1037
1013
1013
1013
1013
1013
1013
1024
1024
1024
1024
1024
1068
1068
1068
1068
1068
1026
1026
1026
1026
1026
1026
1058
1058
1058
1058
1058
1050
1050
1050
1050
1050
1086
1086
1086
1086
1086
1086
1079
1079
1079
1079
1079
1067
1067
1067
1067
1067
1112
1112
1112
1112
1112
1112
1135
1135
1135
1135
1135
1101
1101
1101
1101
1101
1104
1104
1104
1104
1104
1104
1076
1076
1076
1076
1076
1019
1019
1019
1019
1019
949
949
949
949
949
949
896
896
896
896
896
847
847
847
847
847
816
816
816
816
816
816
811
811
811
811
811
791
791
791
791
791
807
807
807
807
807
807
839
839
839
839
839
868
868
868
868
868
928
928
928
928
928
928
972
972
972
972
972
996
996
996
996
996
993
993
993
993
993
993
982
982
982
982
982
947
947
947
947
947
929
929
929
929
929
929
930
930
930
930
930
920
920
920
920
920
924
924
924
924
924
924
969
969
969
969
969
1016
1016
1016
1016
1016
1090
1090
1090
1090
1090
1090
1098
1098
1098
1098
1098
1131
1131
1131
1131
1131
1176
1176
1176
1176
1176
1176
1174
1174
1174
1174
1174
1158
1158
1158
1158
1158
1117
1117
1117
1117
1117
1117
1084
1084
1084
1084
1084
1046
1046
1046
1046
1046
995
995
995
995
995
995
999
999
999
999
999
967
967
967
967
967
955
955
955
955
955
955
949
949
949
949
949
978
978
978
978
978
972
972
972
972
972
972
1003
1003
1003
1003
1003
1020
1020
1020
1020
1020
1018
1018
1018
1018
1018
1018
1006
1006
1006
1006
1006
1007
1007
1007
1007
1007
989
989
989
989
989
989
951
951
951
951
951
960
960
960
960
960
927
927
927
927
927
927
929
929
929
929
929
921
921
921
921
921
924
924
924
924
924
924
925
925
925
925
925
920
920
920
920
920
924
924
924
924
924
924
889
889
889
889
889
893
893
893
893
893
899
899
899
899
899
899
900
900
900
900
900
913
913
913
913
913
924
924
924
924
924
924
956
956
956
956
956
979
979
979
979
979
995
995
995
995
995
995
1013
1013
1013
1013
1013
1016
1016
1016
1016
1016
1010
1010
1010
1010
1010
1010
996
996
996
996
996
990
990
990
990
990
975
975
975
975
975
975
972
972
972
972
972
982
982
982
982
982
1006
1006
1006
1006
1006
1006
1028
1028
1028
1028
1028
1048
1048
1048
1048
1048
1080
1080
1080
1080
1080
1080
1080
1080
1080
1080
1080
1076
1076
1076
1076
1076
1088
1088
1088
1088
1088
1088
1067
1067
1067
1067
1067
1034
1034
1034
1034
1034
1041
1041
1041
1041
1041
1041
1064
1064
1064
1064
1064
1051
1051
1051
1051
1051
1065
1065
1065
1065
1065
1065
1080
1080
1080
1080
1080
1097
1097
1097
1097
1097
1058
1058
1058
1058
1058
1058
1072
1072
1072
1072
1072
1046
1046
1046
1046
1046
1034
1034
1034
1034
1034
1034
1016
1016
1016
1016
1016
1004
1004
1004
1004
1004
953
953
953
953
953
953
944
944
944
944
944
918
918
918
918
918
918
918
918
918
918
918
883
883
883
883
883
860
860
860
860
860
841
841
841
841
841
841
831
831
831
831
831
846
846
846
846
846
866
866
866
866
866
866
892
892
892
892
892
929
929
929
929
929
993
993
993
993
993
993
1038
1038
1038
1038
1038
1087
1087
1087
1087
1087
1125
1125
1125
1125
1125
1125
1140
1140
1140
1140
1140
1121
1121
1121
1121
1121
1103
1103
1103
1103
1103
1103
1058
1058
1058
1058
1058
1077
1077
1077
1077
1077
1054
1054
1054
1054
1054
1054
1055
1055
1055
1055
1055
1059
1059
1059
1059
1059
1057
1057
1057
1057
1057
1057
1079
1079
1079
1079
1079
1075
1075
1075
1075
1075
1045
1045
1045
1045
1045
1045
1061
1061
1061
1061
1061
1065
1065
1065
1065
1065
1068
1068
1068
1068
1068
1068
1078
1078
1078
1078
1078
1067
1067
1067
1067
1067
1066
1066
1066
1066
1066
1066
1048
1048
1048
1048
1048
1024
1024
1024
1024
1024
965
965
965
965
965
965
925
925
925
925
925
886
886
886
886
886
836
836
836
836
836
836
774
774
774
774
774
744
744
744
744
744
714
714
714
714
714
714
675
675
675
675
675
651
651
651
651
651
630
630
630
630
630
630
613
613
613
613
613
620
620
620
620
620
605
605
605
605
605
605
620
620
620
620
620
643
643
643
643
643
687
687
687
687
687
687
750
750
750
750
750
800
800
800
800
800
827
827
827
827
827
827
800
800
800
800
800
735
735
735
735
735
687
687
687
687
687
687
664
664
664
664
664
649
649
649
649
649
651
651
651
651
651
651
699
699
699
699
699
795
795
795
795
795
1119
1119
1119
1119
1119
1119
1817
1817
1817
1817
1817
2751
2751
2751
2751
2751
3606
3606
3606
3606
3606
3606
4095
4095
4095
4095
4095
4095
4095
4095
4095
4095
4095
4095
4095
4095
4095
4095
4095
4095
4095
4095
4095
4095
4095
4095
4095
4095
3437
3437
3437
3437
3437
3437
2277
2277
2277
2277
2277
1078
1078
1078
1078
1078
625
625
625
625
625
625
562
562
562
562
562
506
506
506
506
506
502
502
502
502
502
502
503
503
503
503
503
503
503
503
503
503
521
521
521
521
521
521
558
558
558
558
558
603
603
603
603
603
706
706
706
706
706
706
976
976
976
976
976
1497
1497
1497
1497
1497
2133
2133
2133
2133
2133
2133
2681
2681
2681
2681
2681
3032
3032
3032
3032
3032
3250
3250
3250
3250
3250
3250
3385
3385
3385
3385
3385
3464
3464
3464
3464
3464
3430
3430
3430
3430
3430
3430
3323
3323
3323
3323
3323
3174
3174
3174
3174
3174
2925
2925
2925
2925
2925
2925
2611
2611
2611
2611
2611
2346
2346
2346
2346
2346
2157
2157
2157
2157
2157
2157
1960
1960
1960
1960
1960
1680
1680
1680
1680
1680
1346
1346
1346
1346
1346
1346
1018
1018
1018
1018
1018
782
782
782
782
782
696
696
696
696
696
696
668
668
668
668
668
694
694
694
694
694
724
724
724
724
724
724
815
815
815
815
815
1029
1029
1029
1029
1029
1459
1459
1459
1459
1459
1459
1858
1858
1858
1858
1858
2243
2243
2243
2243
2243
2631
2631
2631
2631
2631
2631
3033
3033
3033
3033
3033
3231
3231
3231
3231
3231
3330
3330
3330
3330
3330
3330
3386
3386
3386
3386
3386
3320
3320
3320
3320
3320
3132
3132
3132
3132
3132
3132
2785
2785
2785
2785
2785
2474
2474
2474
2474
2474
2160
2160
2160
2160
2160
2160
1801
1801
1801
1801
1801
1492
1492
1492
1492
1492
1354
1354
1354
1354
1354
1354
1258
1258
1258
1258
1258
1123
1123
1123
1123
1123
991
991
991
991
991
991
885
885
885
885
885
846
846
846
846
846
755
755
755
755
755
755
708
708
708
708
708
714
714
714
714
714
749
749
749
749
749
749
895
895
895
895
895
1216
1216
1216
1216
1216
1735
1735
1735
1735
1735
1735
2268
2268
2268
2268
2268
2620
2620
2620
2620
2620
2862
2862
2862
2862
2862
2862
2893
2893
2893
2893
2893
2756
2756
2756
2756
2756
2435
2435
2435
2435
2435
2435
2002
2002
2002
2002
2002
1706
1706
1706
1706
1706
1477
1477
1477
1477
1477
1477
1341
1341
1341
1341
1341
1276
1276
1276
1276
1276
1299
1299
1299
1299
1299
1299
1299
1299
1299
1299
1299
1266
1266
1266
1266
1266
1230
1230
1230
1230
1230
1230
1244
1244
1244
1244
1244
1157
1157
1157
1157
1157
1075
1075
1075
1075
1075
1075
1031
1031
1031
1031
1031
1107
1107
1107
1107
1107
1329
1329
1329
1329
1329
1329
1623
1623
1623
1623
1623
2019
2019
2019
2019
2019
2312
2312
2312
2312
2312
2312
2474
2474
2474
2474
2474
2492
2492
2492
2492
2492
2464
2464
2464
2464
2464
2464
2297
2297
2297
2297
2297
2020
2020
2020
2020
2020
1613
1613
1613
1613
1613
1613
1265
1265
1265
1265
1265
1049
1049
1049
1049
1049
932
932
932
932
932
932
870
870
870
870
870
878
878
878
878
878
837
837
837
837
837
837
864
864
864
864
864
868
868
868
868
868
975
975
975
975
975
975
1127
1127
1127
1127
1127
1249
1249
1249
1249
1249
1354
1354
1354
1354
1354
1354
1485
1485
1485
1485
1485
1644
1644
1644
1644
1644
1738
1738
1738
1738
1738
1738
1755
1755
1755
1755
1755
1682
1682
1682
1682
1682
1578
1578
1578
1578
1578
1578
1388
1388
1388
1388
1388
1196
1196
1196
1196
1196
1062
1062
1062
1062
1062
1062
989
989
989
989
989
969
969
969
969
969
921
921
921
921
921
921
927
927
927
927
927
994
994
994
994
994
1098
1098
1098
1098
1098
1098
1229
1229
1229
1229
1229
1335
1335
1335
1335
1335
1469
1469
1469
1469
1469
1469
1495
1495
1495
1495
1495
1560
1560
1560
1560
1560
1676
1676
1676
1676
1676
1676
1781
1781
1781
1781
1781
1886
1886
1886
1886
1886
1936
1936
1936
1936
1936
1936
1946
1946
1946
1946
1946
1983
1983
1983
1983
1983
2009
2009
2009
2009
2009
2009
1958
1958
1958
1958
1958
1862
1862
1862
1862
1862
1675
1675
1675
1675
1675
1675
1471
1471
1471
1471
1471
1304
1304
1304
1304
1304
1181
1181
1181
1181
1181
1181
1148
1148
1148
1148
1148
1099
1099
1099
1099
1099
1116
1116
1116
1116
1116
1116
1127
1127
1127
1127
1127
1239
1239
1239
1239
1239
1357
1357
1357
1357
1357
1357
1486
1486
1486
1486
1486
1627
1627
1627
1627
1627
1727
1727
1727
1727
1727
1727
1779
1779
1779
1779
1779
1829
1829
1829
1829
1829
1837
1837
1837
1837
1837
1837
1826
1826
1826
1826
1826
1838
1838
1838
1838
1838
1763
1763
1763
1763
1763
1763
1807
1807
1807
1807
1807
1806
1806
1806
1806
1806
1853
1853
1853
1853
1853
1853
1893
1893
1893
1893
1893
1917
1917
1917
1917
1917
1901
1901
1901
1901
1901
1901
1800
1800
1800
1800
1800
1603
1603
1603
1603
1603
1384
1384
1384
1384
1384
1384
1261
1261
1261
1261
1261
1174
1174
1174
1174
1174
1205
1205
1205
1205
1205
1205
1221
1221
1221
1221
1221
1304
1304
1304
1304
1304
1418
1418
1418
1418
1418
1418
1557
1557
1557
1557
1557
1700
1700
1700
1700
1700
1811
1811
1811
1811
1811
1811
1871
1871
1871
1871
1871
1823
1823
1823
1823
1823
1785
1785
1785
1785
1785
1785
1748
1748
1748
1748
1748
1781
1781
1781
1781
1781
1806
1806
1806
1806
1806
1806
1824
1824
1824
1824
1824
1783
1783
1783
1783
1783
1733
1733
1733
1733
1733
1733
1740
1740
1740
1740
1740
1653
1653
1653
1653
1653
1618
1618
1618
1618
1618
1618
1522
1522
1522
1522
1522
1450
1450
1450
1450
1450
1418
1418
1418
1418
1418
1418
1451
1451
1451
1451
1451
1531
1531
1531
1531
1531
1668
1668
1668
1668
1668
1668
1805
1805
1805
1805
1805
1939
1939
1939
1939
1939
1962
1962
1962
1962
1962
1962
1953
1953
1953
1953
1953
1915
1915
1915
1915
1915
1864
1864
1864
1864
1864
1864
1791
1791
1791
1791
1791
1665
1665
1665
1665
1665
1611
1611
1611
1611
1611
1611
1549
1549
1549
1549
1549
1562
1562
1562
1562
1562
1604
1604
1604
1604
1604
1604
1675
1675
1675
1675
1675
1745
1745
1745
1745
1745
1787
1787
1787
1787
1787
1787
1746
1746
1746
1746
1746
1783
1783
1783
1783
1783
1751
1751
1751
1751
1751
1751
1737
1737
1737
1737
1737
1665
1665
1665
1665
1665
1590
1590
1590
1590
1590
1590
1503
1503
1503
1503
1503
1418
1418
1418
1418
1418
1389
1389
1389
1389
1389
1389
1360
1360
1360
1360
1360
1376
1376
1376
1376
1376
1372
1372
1372
1372
1372
1372
1399
1399
1399
1399
1399
1454
1454
1454
1454
1454
1567
1567
1567
1567
1567
1567
1675
1675
1675
1675
1675
1784
1784
1784
1784
1784
1833
1833
1833
1833
1833
1833
1873
1873
1873
1873
1873
1854
1854
1854
1854
1854
1843
1843
1843
1843
1843
1843
1732
1732
1732
1732
1732
1664
1664
1664
1664
1664
1541
1541
1541
1541
1541
1541
1432
1432
1432
1432
1432
1322
1322
1322
1322
1322
1273
1273
1273
1273
1273
1273
1228
1228
1228
1228
1228
1269
1269
1269
1269
1269
1268
1268
1268
1268
1268
1268
1337
1337
1337
1337
1337
1387
1387
1387
1387
1387
1479
1479
1479
1479
1479
1479
1533
1533
1533
1533
1533
1615
1615
1615
1615
1615
1641
1641
1641
1641
1641
1641
1725
1725
1725
1725
1725
1769
1769
1769
1769
1769
1763
1763
1763
1763
1763
1763
1822
1822
1822
1822
1822
1817
1817
1817
1817
1817
1817
1817
1817
1817
1817
1817
1773
1773
1773
1773
1773
1707
1707
1707
1707
1707
1620
1620
1620
1620
1620
1620
1520
1520
1520
1520
1520
1399
1399
1399
1399
1399
1266
1266
1266
1266
1266
1266
1207
1207
1207
1207
1207
1150
1150
1150
1150
1150
1132
1132
1132
1132
1132
1132
1106
1106
1106
1106
1106
1131
1131
1131
1131
1131
1189
1189
1189
1189
1189
1189
1266
1266
1266
1266
1266
1359
1359
1359
1359
1359
1471
1471
1471
1471
1471
1471
1582
1582
1582
1582
1582
1686
1686
1686
1686
1686
1753
1753
1753
1753
1753
1753
1812
1812
1812
1812
1812
1843
1843
1843
1843
1843
1816
1816
1816
1816
1816
1816
1809
1809
1809
1809
1809
1776
1776
1776
1776
1776
1727
1727
1727
1727
1727
1727
1711
1711
1711
1711
1711
1675
1675
1675
1675
1675
1625
1625
1625
1625
1625
1625
1600
1600
1600
1600
1600
1515
1515
1515
1515
1515
1517
1517
1517
1517
1517
1517
1436
1436
1436
1436
1436
1446
1446
1446
1446
1446
1399
1399
1399
1399
1399
1399
1422
1422
1422
1422
1422
1450
1450
1450
1450
1450
1502
1502
1502
1502
1502
1502
1565
1565
1565
1565
1565
1602
1602
1602
1602
1602
1645
1645
1645
1645
1645
1645
1664
1664
1664
1664
1664
1666
1666
1666
1666
1666
1649
1649
1649
1649
1649
1649
1554
1554
1554
1554
1554
1543
1543
1543
1543
1543
1476
1476
1476
1476
1476
1476
1429
1429
1429
1429
1429
1423
1423
1423
1423
1423
1389
1389
1389
1389
1389
1389
1392
1392
1392
1392
1392
1388
1388
1388
1388
1388
1418
1418
1418
1418
1418
1418
1434
1434
1434
1434
1434
1507
1507
1507
1507
1507
1505
1505
1505
1505
1505
1505
1502
1502
1502
1502
1502
1504
1504
1504
1504
1504
1533
1533
1533
1533
1533
1533
1498
1498
1498
1498
1498
1504
1504
1504
1504
1504
1490
1490
1490
1490
1490
1490
1484
1484
1484
1484
1484
1502
1502
1502
1502
1502
1541
1541
1541
1541
1541
1541
1547
1547
1547
1547
1547
1558
1558
1558
1558
1558
1552
1552
1552
1552
1552
1552
1530
1530
1530
1530
1530
1475
1475
1475
1475
1475
1452
1452
1452
1452
1452
1452
1455
1455
1455
1455
1455
1432
1432
1432
1432
1432
1445
1445
1445
1445
1445
1445
1446
1446
1446
1446
1446
1489
1489
1489
1489
1489
1534
1534
1534
1534
1534
1534
1573
1573
1573
1573
1573
1647
1647
1647
1647
1647
1640
1640
1640
1640
1640
1640
1675
1675
1675
1675
1675
1668
1668
1668
1668
1668
1639
1639
1639
1639
1639
1639
1636
1636
1636
1636
1636
1605
1605
1605
1605
1605
1588
1588
1588
1588
1588
1588
1580
1580
1580
1580
1580
1569
1569
1569
1569
1569
1591
1591
1591
1591
1591
1591
1601
1601
1601
1601
1601
1599
1599
1599
1599
1599
1590
1590
1590
1590
1590
1590
1571
1571
1571
1571
1571
1583
1583
1583
1583
1583
1573
1573
1573
1573
1573
1573
1556
1556
1556
1556
1556
1560
1560
1560
1560
1560
1567
1567
1567
1567
1567
1567
1562
1562
1562
1562
1562
1540
1540
1540
1540
1540
1571
1571
1571
1571
1571
1571
1541
1541
1541
1541
1541
1519
1519
1519
1519
1519
1524
1524
1524
1524
1524
1524
1520
1520
1520
1520
1520
1513
1513
1513
1513
1513
1477
1477
1477
1477
1477
1477
1459
1459
1459
1459
1459
1445
1445
1445
1445
1445
1440
1440
1440
1440
1440
1440
1435
1435
1435
1435
1435
1464
1464
1464
1464
1464
1469
1469
1469
1469
1469
1469
1539
1539
1539
1539
1539
1577
1577
1577
1577
1577
1602
1602
1602
1602
1602
1602
1624
1624
1624
1624
1624
1669
1669
1669
1669
1669
1641
1641
1641
1641
1641
1641
1610
1610
1610
1610
1610
1544
1544
1544
1544
1544
1515
1515
1515
1515
1515
1515
1462
1462
1462
1462
1462
1436
1436
1436
1436
1436
1462
1462
1462
1462
1462
1462
1484
1484
1484
1484
1484
1501
1501
1501
1501
1501
1546
1546
1546
1546
1546
1546
1571
1571
1571
1571
1571
1628
1628
1628
1628
1628
1629
1629
1629
1629
1629
1629
1638
1638
1638
1638
1638
1623
1623
1623
1623
1623
1604
1604
1604
1604
1604
1604
1596
1596
1596
1596
1596
1579
1579
1579
1579
1579
1576
1576
1576
1576
1576
1576
1594
1594
1594
1594
1594
1591
1591
1591
1591
1591
1612
1612
1612
1612
1612
1612
1629
1629
1629
1629
1629
1648
1648
1648
1648
1648
1654
1654
1654
1654
1654
1654
1651
1651
1651
1651
1651
1630
1630
1630
1630
1630
1624
1624
1624
1624
1624
1624
1586
1586
1586
1586
1586
1544
1544
1544
1544
1544
1552
1552
1552
1552
1552
1552
1523
1523
1523
1523
1523
1503
1503
1503
1503
1503
1489
1489
1489
1489
1489
1489
1473
1473
1473
1473
1473
1443
1443
1443
1443
1443
1442
1442
1442
1442
1442
1442
1445
1445
1445
1445
1445
1512
1512
1512
1512
1512
1562
1562
1562
1562
1562
1562
1652
1652
1652
1652
1652
1711
1711
1711
1711
1711
1785
1785
1785
1785
1785
1785
1841
1841
1841
1841
1841
1901
1901
1901
1901
1901
1916
1916
1916
1916
1916
1916
1910
1910
1910
1910
1910
1888
1888
1888
1888
1888
1883
1883
1883
1883
1883
1883
1874
1874
1874
1874
1874
1862
1862
1862
1862
1862
1865
1865
1865
1865
1865
1865
1808
1808
1808
1808
1808
1757
1757
1757
1757
1757
1715
1715
1715
1715
1715
1715
1682
1682
1682
1682
1682
1621
1621
1621
1621
1621
1549
1549
1549
1549
1549
1549
1483
1483
1483
1483
1483
1429
1429
1429
1429
1429
1394
1394
1394
1394
1394
1394
1342
1342
1342
1342
1342
1336
1336
1336
1336
1336
1357
1357
1357
1357
1357
1357
1352
1352
1352
1352
1352
1357
1357
1357
1357
1357
1402
1402
1402
1402
1402
1402
1392
1392
1392
1392
1392
1446
1446
1446
1446
1446
1451
1451
1451
1451
1451
1451
1500
1500
1500
1500
1500
1532
1532
1532
1532
1532
1575
1575
1575
1575
1575
1575
1657
1657
1657
1657
1657
1714
1714
1714
1714
1714
1742
1742
1742
1742
1742
1742
1791
1791
1791
1791
1791
1765
1765
1765
1765
1765
1738
1738
1738
1738
1738
1738
1710
1710
1710
1710
1710
1619
1619
1619
1619
1619
1534
1534
1534
1534
1534
1534
1431
1431
1431
1431
1431
1351
1351
1351
1351
1351
1295
1295
1295
1295
1295
1295
1260
1260
1260
1260
1260
1228
1228
1228
1228
1228
1245
1245
1245
1245
1245
1245
1289
1289
1289
1289
1289
1343
1343
1343
1343
1343
1446
1446
1446
1446
1446
1446
1553
1553
1553
1553
1553
1652
1652
1652
1652
1652
1741
1741
1741
1741
1741
1741
1811
1811
1811
1811
1811
1843
1843
1843
1843
1843
1814
1814
1814
1814
1814
1814
1763
1763
1763
1763
1763
1690
1690
1690
1690
1690
1594
1594
1594
1594
1594
1594
1510
1510
1510
1510
1510
1434
1434
1434
1434
1434
1381
1381
1381
1381
1381
1381
1355
1355
1355
1355
1355
1345
1345
1345
1345
1345
1356
1356
1356
1356
1356
1356
1375
1375
1375
1375
1375
1391
1391
1391
1391
1391
1391
1391
1391
1391
1391
1391
1393
1393
1393
1393
1393
1372
1372
1372
1372
1372
1366
1366
1366
1366
1366
1366
1345
1345
1345
1345
1345
1329
1329
1329
1329
1329
1321
1321
1321
1321
1321
1321
1333
1333
1333
1333
1333
1333
1333
1333
1333
1333
1384
1384
1384
1384
1384
1384
1406
1406
1406
1406
1406
1425
1425
1425
1425
1425
1461
1461
1461
1461
1461
1461
1477
1477
1477
1477
1477
1496
1496
1496
1496
1496
1501
1501
1501
1501
1501
1501
1519
1519
1519
1519
1519
1505
1505
1505
1505
1505
1499
1499
1499
1499
1499
1499
1499
1499
1499
1499
1499
1488
1488
1488
1488
1488
1463
1463
1463
1463
1463
1463
1448
1448
1448
1448
1448
1455
1455
1455
1455
1455
1464
1464
1464
1464
1464
1464
1498
1498
1498
1498
1498
1532
1532
1532
1532
1532
1573
1573
1573
1573
1573
1573
1594
1594
1594
1594
1594
1632
1632
1632
1632
1632
1633
1633
1633
1633
1633
1633
1638
1638
1638
1638
1638
1588
1588
1588
1588
1588
1571
1571
1571
1571
1571
1571
1547
1547
1547
1547
1547
1516
1516
1516
1516
1516
1511
1511
1511
1511
1511
1511
1504
1504
1504
1504
1504
1515
1515
1515
1515
1515
1526
1526
1526
1526
1526
1526
1553
1553
1553
1553
1553
1595
1595
1595
1595
1595
1609
1609
1609
1609
1609
1609
1607
1607
1607
1607
1607
1605
1605
1605
1605
1605
1547
1547
1547
1547
1547
1547
1498
1498
1498
1498
1498
1445
1445
1445
1445
1445
1384
1384
1384
1384
1384
1384
1295
1295
1295
1295
1295
1277
1277
1277
1277
1277
1262
1262
1262
1262
1262
1262
1276
1276
1276
1276
1276
1331
1331
1331
1331
1331
1385
1385
1385
1385
1385
1385
1442
1442
1442
1442
1442
1522
1522
1522
1522
1522
1561
1561
1561
1561
1561
1561
1595
1595
1595
1595
1595
1632
1632
1632
1632
1632
1653
1653
1653
1653
1653
1653
1652
1652
1652
1652
1652
1639
1639
1639
1639
1639
1622
1622
1622
1622
1622
1622
1604
1604
1604
1604
1604
1578
1578
1578
1578
1578
1534
1534
1534
1534
1534
1534
1528
1528
1528
1528
1528
1506
1506
1506
1506
1506
1525
1525
1525
1525
1525
1525
1524
1524
1524
1524
1524
1516
1516
1516
1516
1516
1545
1545
1545
1545
1545
1545
1542
1542
1542
1542
1542
1558
1558
1558
1558
1558
1538
1538
1538
1538
1538
1538
1524
1524
1524
1524
1524
1504
1504
1504
1504
1504
1482
1482
1482
1482
1482
1482
1461
1461
1461
1461
1461
1468
1468
1468
1468
1468
1501
1501
1501
1501
1501
1501
1528
1528
1528
1528
1528
1569
1569
1569
1569
1569
1663
1663
1663
1663
1663
1663
1687
1687
1687
1687
1687
1771
1771
1771
1771
1771
1817
1817
1817
1817
1817
1817
1838
1838
1838
1838
1838
1854
1854
1854
1854
1854
1763
1763
1763
1763
1763
1763
1708
1708
1708
1708
1708
1607
1607
1607
1607
1607
1512
1512
1512
1512
1512
1512
1411
1411
1411
1411
1411
1316
1316
1316
1316
1316
1288
1288
1288
1288
1288
1288
1286
1286
1286
1286
1286
1290
1290
1290
1290
1290
1348
1348
1348
1348
1348
1348
1487
1487
1487
1487
1487
1550
1550
1550
1550
1550
1648
1648
1648
1648
1648
1648
1764
1764
1764
1764
1764
1821
1821
1821
1821
1821
1865
1865
1865
1865
1865
1865
1876
1876
1876
1876
1876
1827
1827
1827
1827
1827
1720
1720
1720
1720
1720
1720
1626
1626
1626
1626
1626
1548
1548
1548
1548
1548
1483
1483
1483
1483
1483
1483
1430
1430
1430
1430
1430
1448
1448
1448
1448
1448
1481
1481
1481
1481
1481
1481
1533
1533
1533
1533
1533
1626
1626
1626
1626
1626
1688
1688
1688
1688
1688
1688
1740
1740
1740
1740
1740
1772
1772
1772
1772
1772
1780
1780
1780
1780
1780
1780
1746
1746
1746
1746
1746
1700
1700
1700
1700
1700
1679
1679
1679
1679
1679
1679
1627
1627
1627
1627
1627
1615
1615
1615
1615
1615
1590
1590
1590
1590
1590
1590
1609
1609
1609
1609
1609
1632
1632
1632
1632
1632
1649
1649
1649
1649
1649
1649
1695
1695
1695
1695
1695
1685
1685
1685
1685
1685
1696
1696
1696
1696
1696
1696
1653
1653
1653
1653
1653
1635
1635
1635
1635
1635
1538
1538
1538
1538
1538
1538
1482
1482
1482
1482
1482
1404
1404
1404
1404
1404
1342
1342
1342
1342
1342
1342
1273
1273
1273
1273
1273
1276
1276
1276
1276
1276
1250
1250
1250
1250
1250
1250
1312
1312
1312
1312
1312
1361
1361
1361
1361
1361
1444
1444
1444
1444
1444
1444
1592
1592
1592
1592
1592
1683
1683
1683
1683
1683
1758
1758
1758
1758
1758
1758
1823
1823
1823
1823
1823
1827
1827
1827
1827
1827
1777
1777
1777
1777
1777
1777
1733
1733
1733
1733
1733
1633
1633
1633
1633
1633
1520
1520
1520
1520
1520
1520
1451
1451
1451
1451
1451
1368
1368
1368
1368
1368
1315
1315
1315
1315
1315
1315
1315
1315
1315
1315
1315
1312
1312
1312
1312
1312
1322
1322
1322
1322
1322
1322
1368
1368
1368
1368
1368
1417
1417
1417
1417
1417
1484
1484
1484
1484
1484
1484
1509
1509
1509
1509
1509
1551
1551
1551
1551
1551
1628
1628
1628
1628
1628
1628
1634
1634
1634
1634
1634
1668
1668
1668
1668
1668
1662
1662
1662
1662
1662
1662
1679
1679
1679
1679
1679
1695
1695
1695
1695
1695
1688
1688
1688
1688
1688
1688
1665
1665
1665
1665
1665
1667
1667
1667
1667
1667
1600
1600
1600
1600
1600
1600
1565
1565
1565
1565
1565
1533
1533
1533
1533
1533
1503
1503
1503
1503
1503
1503
1522
1522
1522
1522
1522
1447
1447
1447
1447
1447
1446
1446
1446
1446
1446
1446
1456
1456
1456
1456
1456
1466
1466
1466
1466
1466
1446
1446
1446
1446
1446
1446
1490
1490
1490
1490
1490
1461
1461
1461
1461
1461
1452
1452
1452
1452
1452
1452
1477
1477
1477
1477
1477
1467
1467
1467
1467
1467
1498
1498
1498
1498
1498
1498
1497
1497
1497
1497
1497
1535
1535
1535
1535
1535
1551
1551
1551
1551
1551
1551
1571
1571
1571
1571
1571
1602
1602
1602
1602
1602
1586
1586
1586
1586
1586
1586
1628
1628
1628
1628
1628
1605
1605
1605
1605
1605
1601
1601
1601
1601
1601
1601
1548
1548
1548
1548
1548
1507
1507
1507
1507
1507
1482
1482
1482
1482
1482
1482
1426
1426
1426
1426
1426
1395
1395
1395
1395
1395
1405
1405
1405
1405
1405
1405
1407
1407
1407
1407
1407
1411
1411
1411
1411
1411
1450
1450
1450
1450
1450
1450
1481
1481
1481
1481
1481
1533
1533
1533
1533
1533
1591
1591
1591
1591
1591
1591
1617
1617
1617
1617
1617
1632
1632
1632
1632
1632
1648
1648
1648
1648
1648
1648
1637
1637
1637
1637
1637
1587
1587
1587
1587
1587
1553
1553
1553
1553
1553
1553
1541
1541
1541
1541
1541
1459
1459
1459
1459
1459
1478
1478
1478
1478
1478
1478
1450
1450
1450
1450
1450
1433
1433
1433
1433
1433
1420
1420
1420
1420
1420
1420
1434
1434
1434
1434
1434
1433
1433
1433
1433
1433
1444
1444
1444
1444
1444
1444
1422
1422
1422
1422