954
954
954
961
961
961
961
961
946
946
946
946
946
946
958
958
958
958
958
962
962
962
962
962
948
948
948
948
948
948
956
956
956
956
956
958
958
958
958
958
968
968
968
968
968
968
967
967
967
967
967
965
965
965
965
965
959
959
959
959
959
959
954
954
954
954
954
951
951
951
951
951
947
947
947
947
947
947
963
963
963
963
963
952
952
952
952
952
968
968
968
968
968
968
958
958
958
958
958
948
948
948
948
948
960
960
960
960
960
960
965
965
965
965
965
958
958
958
958
958
965
965
965
965
965
965
958
958
958
958
958
963
963
963
963
963
958
958
958
958
958
958
959
959
959
959
959
973
973
973
973
973
954
954
954
954
954
954
971
971
971
971
971
954
954
954
954
954
956
956
956
956
956
956
962
962
962
962
962
953
953
953
953
953
961
961
961
961
961
961
958
958
958
958
958
962
962
962
962
962
955
955
955
955
955
955
957
957
957
957
957
958
958
958
958
958
952
952
952
952
952
952
953
953
953
953
953
962
962
962
962
962
966
966
966
966
966
966
954
954
954
954
954
965
965
965
965
965
976
976
976
976
976
976
955
955
955
955
955
960
960
960
960
960
967
967
967
967
967
967
968
968
968
968
968
962
962
962
962
962
967
967
967
967
967
967
965
965
965
965
965
957
957
957
957
957
969
969
969
969
969
969
972
972
972
972
972
969
969
969
969
969
957
957
957
957
957
957
960
960
960
960
960
956
956
956
956
956
950
950
950
950
950
950
968
968
968
968
968
956
956
956
956
956
956
956
956
956
956
956
969
969
969
969
969
953
953
953
953
953
966
966
966
966
966
966
956
956
956
956
956
958
958
958
958
958
954
954
954
954
954
954
960
960
960
960
960
954
954
954
954
954
957
957
957
957
957
957
953
953
953
953
953
956
956
956
956
956
959
959
959
959
959
959
959
959
959
959
959
961
961
961
961
961
962
962
962
962
962
962
961
961
961
961
961
956
956
956
956
956
968
968
968
968
968
968
954
954
954
954
954
967
967
967
967
967
963
963
963
963
963
963
952
952
952
952
952
959
959
959
959
959
956
956
956
956
956
956
961
961
961
961
961
955
955
955
955
955
957
957
957
957
957
957
963
963
963
963
963
959
959
959
959
959
949
949
949
949
949
949
944
944
944
944
944
959
959
959
959
959
953
953
953
953
953
953
955
955
955
955
955
954
954
954
954
954
956
956
956
956
956
956
949
949
949
949
949
960
960
960
960
960
959
959
959
959
959
959
957
957
957
957
957
955
955
955
955
955
952
952
952
952
952
952
948
948
948
948
948
955
955
955
955
955
949
949
949
949
949
949
955
955
955
955
955
952
952
952
952
952
950
950
950
950
950
950
956
956
956
956
956
951
951
951
951
951
959
959
959
959
959
959
946
946
946
946
946
950
950
950
950
950
956
956
956
956
956
956
945
945
945
945
945
953
953
953
953
953
945
945
945
945
945
945
948
948
948
948
948
937
937
937
937
937
949
949
949
949
949
949
951
951
951
951
951
944
944
944
944
944
949
949
949
949
949
949
944
944
944
944
944
947
947
947
947
947
951
951
951
951
951
951
944
944
944
944
944
949
949
949
949
949
949
949
949
949
949
949
946
946
946
946
946
949
949
949
949
949
951
951
951
951
951
951
939
939
939
939
939
951
951
951
951
951
958
958
958
958
958
958
945
945
945
945
945
942
942
942
942
942
950
950
950
950
950
950
943
943
943
943
943
949
949
949
949
949
954
954
954
954
954
954
947
947
947
947
947
950
950
950
950
950
963
963
963
963
963
963
952
952
952
952
952
951
951
951
951
951
953
953
953
953
953
953
951
951
951
951
951
953
953
953
953
953
947
947
947
947
947
947
950
950
950
950
950
956
956
956
956
956
950
950
950
950
950
950
942
942
942
942
942
943
943
943
943
943
950
950
950
950
950
950
957
957
957
957
957
953
953
953
953
953
956
956
956
956
956
956
956
956
956
956
956
959
959
959
959
959
959
959
959
959
959
959
949
949
949
949
949
959
959
959
959
959
947
947
947
947
947
947
947
947
947
947
947
952
952
952
952
952
951
951
951
951
951
951
948
948
948
948
948
951
951
951
951
951
959
959
959
959
959
959
956
956
956
956
956
952
952
952
952
952
960
960
960
960
960
960
949
949
949
949
949
957
957
957
957
957
953
953
953
953
953
953
951
951
951
951
951
959
959
959
959
959
955
955
955
955
955
955
958
958
958
958
958
944
944
944
944
944
952
952
952
952
952
952
965
965
965
965
965
957
957
957
957
957
956
956
956
956
956
956
948
948
948
948
948
945
945
945
945
945
953
953
953
953
953
953
956
956
956
956
956
953
953
953
953
953
963
963
963
963
963
963
956
956
956
956
956
956
956
956
956
956
957
957
957
957
957
957
954
954
954
954
954
957
957
957
957
957
954
954
954
954
954
954
963
963
963
963
963
956
956
956
956
956
963
963
963
963
963
963
961
961
961
961
961
963
963
963
963
963
958
958
958
958
958
958
959
959
959
959
959
964
964
964
964
964
958
958
958
958
958
958
959
959
959
959
959
960
960
960
960
960
954
954
954
954
954
954
953
953
953
953
953
957
957
957
957
957
953
953
953
953
953
953
964
964
964
964
964
963
963
963
963
963
963
963
963
963
963
963
958
958
958
958
958
958
958
958
958
958
944
944
944
944
944
944
963
963
963
963
963
962
962
962
962
962
958
958
958
958
958
958
955
955
955
955
955
957
957
957
957
957
951
951
951
951
951
951
973
973
973
973
973
956
956
956
956
956
963
963
963
963
963
963
964
964
964
964
964
963
963
963
963
963
963
963
963
963
963
963
954
954
954
954
954
963
963
963
963
963
961
961
961
961
961
961
957
957
957
957
957
963
963
963
963
963
957
957
957
957
957
957
958
958
958
958
958
961
961
961
961
961
957
957
957
957
957
957
965
965
965
965
965
952
952
952
952
952
960
960
960
960
960
960
958
958
958
958
958
951
951
951
951
951
972
972
972
972
972
972
970
970
970
970
970
959
959
959
959
959
961
961
961
961
961
961
965
965
965
965
965
956
956
956
956
956
955
955
955
955
955
955
956
956
956
956
956
956
956
956
956
956
960
960
960
960
960
960
955
955
955
955
955
962
962
962
962
962
945
945
945
945
945
945
962
962
962
962
962
953
953
953
953
953
956
956
956
956
956
956
966
966
966
966
966
955
955
955
955
955
955
955
955
955
955
955
957
957
957
957
957
946
946
946
946
946
952
952
952
952
952
952
952
952
952
952
952
946
946
946
946
946
957
957
957
957
957
957
966
966
966
966
966
959
959
959
959
959
956
956
956
956
956
956
962
962
962
962
962
957
957
957
957
957
955
955
955
955
955
955
958
958
958
958
958
950
950
950
950
950
955
955
955
955
955
955
951
951
951
951
951
964
964
964
964
964
949
949
949
949
949
949
949
949
949
949
949
952
952
952
952
952
958
958
958
958
958
958
956
956
956
956
956
950
950
950
950
950
959
959
959
959
959
959
962
962
962
962
962
959
959
959
959
959
954
954
954
954
954
954
962
962
962
962
962
953
953
953
953
953
959
959
959
959
959
959
954
954
954
954
954
949
949
949
949
949
959
959
959
959
959
959
952
952
952
952
952
944
944
944
944
944
960
960
960
960
960
960
943
943
943
943
943
959
959
959
959
959
958
958
958
958
958
958
948
948
948
948
948
963
963
963
963
963
955
955
955
955
955
955
954
954
954
954
954
959
959
959
959
959
950
950
950
950
950
950
957
957
957
957
957
946
946
946
946
946
952
952
952
952
952
952
950
950
950
950
950
945
945
945
945
945
955
955
955
955
955
955
949
949
949
949
949
954
954
954
954
954
954
954
954
954
954
954
941
941
941
941
941
949
949
949
949
949
956
956
956
956
956
956
949
949
949
949
949
953
953
953
953
953
945
945
945
945
945
945
952
952
952
952
952
946
946
946
946
946
952
952
952
952
952
952
947
947
947
947
947
947
947
947
947
947
959
959
959
959
959
959
954
954
954
954
954
955
955
955
955
955
954
954
954
954
954
954
954
954
954
954
954
942
942
942
942
942
957
957
957
957
957
957
951
951
951
951
951
954
954
954
954
954
940
940
940
940
940
940
963
963
963
963
963
943
943
943
943
943
957
957
957
957
957
957
944
944
944
944
944
947
947
947
947
947
951
951
951
951
951
951
941
941
941
941
941
952
952
952
952
952
944
944
944
944
944
944
946
946
946
946
946
937
937
937
937
937
953
953
953
953
953
953
940
940
940
940
940
948
948
948
948
948
950
950
950
950
950
950
935
935
935
935
935
944
944
944
944
944
950
950
950
950
950
950
952
952
952
952
952
941
941
941
941
941
945
945
945
945
945
945
933
933
933
933
933
939
939
939
939
939
939
939
939
939
939
939
942
942
942
942
942
945
945
945
945
945
946
946
946
946
946
946
936
936
936
936
936
941
941
941
941
941
932
932
932
932
932
932
938
938
938
938
938
930
930
930
930
930
935
935
935
935
935
935
927
927
927
927
927
934
934
934
934
934
929
929
929
929
929
929
923
923
923
923
923
926
926
926
926
926
916
916
916
916
916
916
919
919
919
919
919
911
911
911
911
911
915
915
915
915
915
915
910
910
910
910
910
911
911
911
911
911
910
910
910
910
910
910
918
918
918
918
918
925
925
925
925
925
925
925
925
925
925
925
927
927
927
927
927
948
948
948
948
948
932
932
932
932
932
932
938
938
938
938
938
943
943
943
943
943
936
936
936
936
936
936
948
948
948
948
948
945
945
945
945
945
934
934
934
934
934
934
925
925
925
925
925
917
917
917
917
917
927
927
927
927
927
927
915
915
915
915
915
916
916
916
916
916
927
927
927
927
927
927
911
911
911
911
911
912
912
912
912
912
915
915
915
915
915
915
902
902
902
902
902
903
903
903
903
903
892
892
892
892
892
892
895
895
895
895
895
876
876
876
876
876
887
887
887
887
887
887
861
861
861
861
861
872
872
872
872
872
871
871
871
871
871
871
870
870
870
870
870
861
861
861
861
861
877
877
877
877
877
877
884
884
884
884
884
906
906
906
906
906
928
928
928
928
928
928
939
939
939
939
939
948
948
948
948
948
931
931
931
931
931
931
927
927
927
927
927
921
921
921
921
921
901
901
901
901
901
901
864
864
864
864
864
858
858
858
858
858
862
862
862
862
862
862
872
872
872
872
872
917
917
917
917
917
1001
1001
1001
1001
1001
1001
1107
1107
1107
1107
1107
1200
1200
1200
1200
1200
1275
1275
1275
1275
1275
1275
1313
1313
1313
1313
1313
1310
1310
1310
1310
1310
1273
1273
1273
1273
1273
1273
1198
1198
1198
1198
1198
1100
1100
1100
1100
1100
998
998
998
998
998
998
893
893
893
893
893
829
829
829
829
829
777
777
777
777
777
777
758
758
758
758
758
764
764
764
764
764
759
759
759
759
759
759
796
796
796
796
796
819
819
819
819
819
824
824
824
824
824
824
852
852
852
852
852
868
868
868
868
868
899
899
899
899
899
899
958
958
958
958
958
1037
1037
1037
1037
1037
1128
1128
1128
1128
1128
1128
1212
1212
1212
1212
1212
1285
1285
1285
1285
1285
1306
1306
1306
1306
1306
1306
1284
1284
1284
1284
1284
1236
1236
1236
1236
1236
1155
1155
1155
1155
1155
1155
1076
1076
1076
1076
1076
1028
1028
1028
1028
1028
990
990
990
990
990
974
974
974
974
974
974
994
994
994
994
994
1011
1011
1011
1011
1011
1030
1030
1030
1030
1030
1030
1039
1039
1039
1039
1039
1029
1029
1029
1029
1029
1029
984
984
984
984
984
938
938
938
938
938
887
887
887
887
887
829
829
829
829
829
829
802
802
802
802
802
773
773
773
773
773
780
780
780
780
780
780
789
789
789
789
789
822
822
822
822
822
822
829
829
829
829
829
844
844
844
844
844
846
846
846
846
846
827
827
827
827
827
827
802
802
802
802
802
774
774
774
774
774
727
727
727
727
727
727
694
694
694
694
694
663
663
663
663
663
663
629
629
629
629
629
601
601
601
601
601
571
571
571
571
571
546
546
546
546
546
546
517
517
517
517
517
509
509
509
509
509
512
512
512
512
512
512
557
557
557
557
557
618
618
618
618
618
618
711
711
711
711
711
799
799
799
799
799
877
877
877
877
877
918
918
918
918
918
918
935
935
935
935
935
915
915
915
915
915
895
895
895
895
895
895
905
905
905
905
905
940
940
940
940
940
940
977
977
977
977
977
1074
1074
1074
1074
1074
1206
1206
1206
1206
1206
1377
1377
1377
1377
1377
1377
1573
1573
1573
1573
1573
1748
1748
1748
1748
1748
1931
1931
1931
1931
1931
1931
2076
2076
2076
2076
2076
2158
2158
2158
2158
2158
2158
2193
2193
2193
2193
2193
2140
2140
2140
2140
2140
2048
2048
2048
2048
2048
1924
1924
1924
1924
1924
1924
1772
1772
1772
1772
1772
1599
1599
1599
1599
1599
1431
1431
1431
1431
1431
1431
1224
1224
1224
1224
1224
1036
1036
1036
1036
1036
1036
862
862
862
862
862
737
737
737
737
737
638
638
638
638
638
590
590
590
590
590
590
573
573
573
573
573
580
580
580
580
580
613
613
613
613
613
613
677
677
677
677
677
739
739
739
739
739
739
816
816
816
816
816
878
878
878
878
878
958
958
958
958
958
999
999
999
999
999
999
1040
1040
1040
1040
1040
1086
1086
1086
1086
1086
1114
1114
1114
1114
1114
1114
1176
1176
1176
1176
1176
1199
1199
1199
1199
1199
1199
1214
1214
1214
1214
1214
1201
1201
1201
1201
1201
1173
1173
1173
1173
1173
1108
1108
1108
1108
1108
1108
1023
1023
1023
1023
1023
907
907
907
907
907
791
791
791
791
791
791
679
679
679
679
679
603
603
603
603
603
603
554
554
554
554
554
533
533
533
533
533
536
536
536
536
536
560
560
560
560
560
560
592
592
592
592
592
637
637
637
637
637
684
684
684
684
684
684
744
744
744
744
744
809
809
809
809
809
809
906
906
906
906
906
1063
1063
1063
1063
1063
1264
1264
1264
1264
1264
1479
1479
1479
1479
1479
1479
1708
1708
1708
1708
1708
1889
1889
1889
1889
1889
1996
1996
1996
1996
1996
1996
2052
2052
2052
2052
2052
2018
2018
2018
2018
2018
2018
1921
1921
1921
1921
1921
1811
1811
1811
1811
1811
1662
1662
1662
1662
1662
1562
1562
1562
1562
1562
1562
1489
1489
1489
1489
1489
1430
1430
1430
1430
1430
1377
1377
1377
1377
1377
1377
1313
1313
1313
1313
1313
1194
1194
1194
1194
1194
1194
1057
1057
1057
1057
1057
891
891
891
891
891
721
721
721
721
721
582
582
582
582
582
582
463
463
463
463
463
431
431
431
431
431
451
451
451
451
451
451
507
507
507
507
507
603
603
603
603
603
603
716
716
716
716
716
812
812
812
812
812
884
884
884
884
884
925
925
925
925
925
925
947
947
947
947
947
980
980
980
980
980
957
957
957
957
957
957
954
954
954
954
954
927
927
927
927
927
927
885
885
885
885
885
831
831
831
831
831
751
751
751
751
751
679
679
679
679
679
679
622
622
622
622
622
571
571
571
571
571
525
525
525
525
525
525
536
536
536
536
536
568
568
568
568
568
568
633
633
633
633
633
705
705
705
705
705
808
808
808
808
808
919
919
919
919
919
919
1042
1042
1042
1042
1042
1183
1183
1183
1183
1183
1274
1274
1274
1274
1274
1274
1362
1362
1362
1362
1362
1437
1437
1437
1437
1437
1437
1464
1464
1464
1464
1464
1452
1452
1452
1452
1452
1409
1409
1409
1409
1409
1327
1327
1327
1327
1327
1327
1216
1216
1216
1216
1216
1087
1087
1087
1087
1087
970
970
970
970
970
970
855
855
855
855
855
767
767
767
767
767
767
695
695
695
695
695
660
660
660
660
660
648
648
648
648
648
653
653
653
653
653
653
680
680
680
680
680
700
700
700
700
700
706
706
706
706
706
706
703
703
703
703
703
714
714
714
714
714
714
708
708
708
708
708
714
714
714
714
714
710
710
710
710
710
725
725
725
725
725
725
739
739
739
739
739
738
738
738
738
738
746
746
746
746
746
746
755
755
755
755
755
751
751
751
751
751
751
739
739
739
739
739
727
727
727
727
727
725
725
725
725
725
706
706
706
706
706
706
695
695
695
695
695
697
697
697
697
697
695
695
695
695
695
695
705
705
705
705
705
713
713
713
713
713
713
741
741
741
741
741
770
770
770
770
770
805
805
805
805
805
867
867
867
867
867
867
934
934
934
934
934
1002
1002
1002
1002
1002
1066
1066
1066
1066
1066
1066
1121
1121
1121
1121
1121
1149
1149
1149
1149
1149
1149
1141
1141
1141
1141
1141
1135
1135
1135
1135
1135
1075
1075
1075
1075
1075
1019
1019
1019
1019
1019
1019
947
947
947
947
947
883
883
883
883
883
824
824
824
824
824
824
769
769
769
769
769
744
744
744
744
744
744
728
728
728
728
728
743
743
743
743
743
737
737
737
737
737
771
771
771
771
771
771
763
763
763
763
763
784
784
784
784
784
801
801
801
801
801
801
813
813
813
813
813
832
832
832
832
832
832
832
832
832
832
832
858
858
858
858
858
881
881
881
881
881
893
893
893
893
893
893
928
928
928
928
928
955
955
955
955
955
982
982
982
982
982
982
1025
1025
1025
1025
1025
1035
1035
1035
1035
1035
1035
1024
1024
1024
1024
1024
1009
1009
1009
1009
1009
961
961
961
961
961
906
906
906
906
906
906
837
837
837
837
837
795
795
795
795
795
765
765
765
765
765
765
758
758
758
758
758
769
769
769
769
769
769
798
798
798
798
798
829
829
829
829
829
880
880
880
880
880
936
936
936
936
936
936
984
984
984
984
984
1014
1014
1014
1014
1014
1052
1052
1052
1052
1052
1052
1080
1080
1080
1080
1080
1120
1120
1120
1120
1120
1120
1156
1156
1156
1156
1156
1191
1191
1191
1191
1191
1211
1211
1211
1211
1211
1242
1242
1242
1242
1242
1242
1245
1245
1245
1245
1245
1220
1220
1220
1220
1220
1194
1194
1194
1194
1194
1194
1154
1154
1154
1154
1154
1133
1133
1133
1133
1133
1133
1092
1092
1092
1092
1092
1088
1088
1088
1088
1088
1081
1081
1081
1081
1081
1079
1079
1079
1079
1079
1079
1087
1087
1087
1087
1087
1077
1077
1077
1077
1077
1061
1061
1061
1061
1061
1061
1037
1037
1037
1037
1037
1006
1006
1006
1006
1006
1006
991
991
991
991
991
983
983
983
983
983
993
993
993
993
993
1023
1023
1023
1023
1023
1023
1060
1060
1060
1060
1060
1110
1110
1110
1110
1110
1134
1134
1134
1134
1134
1134
1165
1165
1165
1165
1165
1187
1187
1187
1187
1187
1187
1195
1195
1195
1195
1195
1184
1184
1184
1184
1184
1189
1189
1189
1189
1189
1182
1182
1182
1182
1182
1182
1190
1190
1190
1190
1190
1188
1188
1188
1188
1188
1172
1172
1172
1172
1172
1172
1154
1154
1154
1154
1154
1103
1103
1103
1103
1103
1103
1072
1072
1072
1072
1072
1034
1034
1034
1034
1034
977
977
977
977
977
952
952
952
952
952
952
940
940
940
940
940
930
930
930
930
930
922
922
922
922
922
922
921
921
921
921
921
905
905
905
905
905
905
901
901
901
901
901
885
885
885
885
885
873
873
873
873
873
874
874
874
874
874
874
891
891
891
891
891
922
922
922
922
922
964
964
964
964
964
964
1004
1004
1004
1004
1004
1053
1053
1053
1053
1053
1053
1094
1094
1094
1094
1094
1125
1125
1125
1125
1125
1132
1132
1132
1132
1132
1130
1130
1130
1130
1130
1130
1109
1109
1109
1109
1109
1083
1083
1083
1083
1083
1060
1060
1060
1060
1060
1060
1039
1039
1039
1039
1039
1021
1021
1021
1021
1021
1021
1003
1003
1003
1003
1003
981
981
981
981
981
976
976
976
976
976
962
962
962
962
962
962
956
956
956
956
956
945
945
945
945
945
957
957
957
957
957
957
960
960
960
960
960
973
973
973
973
973
973
991
991
991
991
991
1000
1000
1000
1000
1000
1008
1008
1008
1008
1008
1000
1000
1000
1000
1000
1000
990
990
990
990
990
983
983
983
983
983
976
976
976
976
976
976
965
965
965
965
965
943
943
943
943
943
943
924
924
924
924
924
919
919
919
919
919
933
933
933
933
933
924
924
924
924
924
924
929
929
929
929
929
932
932
932
932
932
933
933
933
933
933
933
945
945
945
945
945
935
935
935
935
935
935
932
932
932
932
932
913
913
913
913
913
898
898
898
898
898
873
873
873
873
873
873
855
855
855
855
855
846
846
846
846
846
837
837
837
837
837
837
841
841
841
841
841
850
850
850
850
850
850
857
857
857
857
857
863
863
863
863
863
871
871
871
871
871
886
886
886
886
886
886
891
891
891
891
891
884
884
884
884
884
887
887
887
887
887
887
890
890
890
890
890
888
888
888
888
888
888
880
880
880
880
880
882
882
882
882
882
868
868
868
868
868
868
868
868
868
868
868
864
864
864
864
864
860
860
860
860
860
878
878
878
878
878
878
874
874
874
874
874
883
883
883
883
883
883
891
891
891
891
891
892
892
892
892
892
915
915
915
915
915
903
903
903
903
903
903
908
908
908
908
908
913
913
913
913
913
896
896
896
896
896
896
889
889
889
889
889
885
885
885
885
885
885
898
898
898
898
898
879
879
879
879
879
878
878
878
878
878
864
864
864
864
864
864
856
856
856
856
856
856
856
856
856
856
852
852
852
852
852
852
858
858
858
858
858
861
861
861
861
861
861
883
883
883
883
883
905
905
905
905
905
919
919
919
919
919
942
942
942
942
942
942
970
970
970
970
970
986
986
986
986
986
1006
1006
1006
1006
1006
1006
1001
1001
1001
1001
1001
1002
1002
1002
1002
1002
1002
1009
1009
1009
1009
1009
1010
1010
1010
1010
1010
1018
1018
1018
1018
1018
1011
1011
1011
1011
1011
1011
1035
1035
1035
1035
1035
1027
1027
1027
1027
1027
1030
1030
1030
1030
1030
1030
1025
1025
1025
1025
1025
1014
1014
1014
1014
1014
1014
1007
1007
1007
1007
1007
1003
1003
1003
1003
1003
993
993
993
993
993
1002
1002
1002
1002
1002
1002
1003
1003
1003
1003
1003
1017
1017
1017
1017
1017
1034
1034
1034
1034
1034
1034
1036
1036
1036
1036
1036
1046
1046
1046
1046
1046
1046
1035
1035
1035
1035
1035
1036
1036
1036
1036
1036
1021
1021
1021
1021
1021
1000
1000
1000
1000
1000
1000
993
993
993
993
993
972
972
972
972
972
963
963
963
963
963
963
965
965
965
965
965
972
972
972
972
972
972
983
983
983
983
983
997
997
997
997
997
983
983
983
983
983
988
988
988
988
988
988
965
965
965
965
965
959
959
959
959
959
937
937
937
937
937
937
922
922
922
922
922
891
891
891
891
891
891
897
897
897
897
897
889
889
889
889
889
883
883
883
883
883
894
894
894
894
894
894
872
872
872
872
872
884
884
884
884
884
863
863
863
863
863
863
866
866
866
866
866
819
819
819
819
819
819
793
793
793
793
793
774
774
774
774
774
751
751
751
751
751
754
754
754
754
754
754
760
760
760
760
760
765
765
765
765
765
792
792
792
792
792
792
812
812
812
812
812
819
819
819
819
819
819
844
844
844
844
844
884
884
884
884
884
908
908
908
908
908
938
938
938
938
938
938
970
970
970
970
970
1009
1009
1009
1009
1009
1057
1057
1057
1057
1057
1057
1102
1102
1102
1102
1102
1132
1132
1132
1132
1132
1132
1162
1162
1162
1162
1162
1176
1176
1176
1176
1176
1185
1185
1185
1185
1185
1192
1192
1192
1192
1192
1192
1199
1199
1199
1199
1199
1201
1201
1201
1201
1201
1196
1196
1196
1196
1196
1196
1212
1212
1212
1212
1212
1237
1237
1237
1237
1237
1237
1268
1268
1268
1268
1268
1272
1272
1272
1272
1272
1289
1289
1289
1289
1289
1288
1288
1288
1288
1288
1288
1268
1268
1268
1268
1268
1240
1240
1240
1240
1240
1201
1201
1201
1201
1201
1201
1170
1170
1170
1170
1170
1144
1144
1144
1144
1144
1144
1116
1116
1116
1116
1116
1101
1101
1101