963
963
963
963
963
964
964
964
964
964
964
956
956
956
956
956
953
953
953
953
953
962
962
962
962
962
962
950
950
950
950
950
960
960
960
960
960
956
956
956
956
956
956
959
959
959
959
959
954
954
954
954
954
948
948
948
948
948
948
958
958
958
958
958
968
968
968
968
968
948
948
948
948
948
948
970
970
970
970
970
959
959
959
959
959
966
966
966
966
966
966
962
962
962
962
962
948
948
948
948
948
949
949
949
949
949
949
964
964
964
964
964
958
958
958
958
958
961
961
961
961
961
961
960
960
960
960
960
962
962
962
962
962
948
948
948
948
948
948
968
968
968
968
968
963
963
963
963
963
962
962
962
962
962
962
967
967
967
967
967
951
951
951
951
951
955
955
955
955
955
955
960
960
960
960
960
961
961
961
961
961
956
956
956
956
956
956
965
965
965
965
965
953
953
953
953
953
958
958
958
958
958
958
968
968
968
968
968
961
961
961
961
961
961
961
961
961
961
961
961
961
961
961
961
966
966
966
966
966
944
944
944
944
944
944
960
960
960
960
960
953
953
953
953
953
970
970
970
970
970
970
958
958
958
958
958
958
958
958
958
958
967
967
967
967
967
967
959
959
959
959
959
967
967
967
967
967
959
959
959
959
959
959
975
975
975
975
975
956
956
956
956
956
965
965
965
965
965
965
956
956
956
956
956
963
963
963
963
963
959
959
959
959
959
959
960
960
960
960
960
954
954
954
954
954
956
956
956
956
956
956
963
963
963
963
963
962
962
962
962
962
967
967
967
967
967
967
958
958
958
958
958
963
963
963
963
963
965
965
965
965
965
965
963
963
963
963
963
957
957
957
957
957
954
954
954
954
954
954
963
963
963
963
963
960
960
960
960
960
951
951
951
951
951
951
958
958
958
958
958
955
955
955
955
955
953
953
953
953
953
953
961
961
961
961
961
964
964
964
964
964
961
961
961
961
961
961
964
964
964
964
964
962
962
962
962
962
960
960
960
960
960
960
962
962
962
962
962
965
965
965
965
965
957
957
957
957
957
957
962
962
962
962
962
958
958
958
958
958
970
970
970
970
970
970
961
961
961
961
961
971
971
971
971
971
962
962
962
962
962
962
960
960
960
960
960
956
956
956
956
956
959
959
959
959
959
959
957
957
957
957
957
960
960
960
960
960
966
966
966
966
966
966
962
962
962
962
962
964
964
964
964
964
960
960
960
960
960
960
967
967
967
967
967
962
962
962
962
962
955
955
955
955
955
955
962
962
962
962
962
962
962
962
962
962
964
964
964
964
964
964
956
956
956
956
956
959
959
959
959
959
957
957
957
957
957
957
960
960
960
960
960
959
959
959
959
959
942
942
942
942
942
942
963
963
963
963
963
954
954
954
954
954
966
966
966
966
966
966
960
960
960
960
960
966
966
966
966
966
964
964
964
964
964
964
956
956
956
956
956
960
960
960
960
960
962
962
962
962
962
962
957
957
957
957
957
966
966
966
966
966
966
966
966
966
966
966
969
969
969
969
969
969
969
969
969
969
950
950
950
950
950
950
955
955
955
955
955
965
965
965
965
965
969
969
969
969
969
969
964
964
964
964
964
962
962
962
962
962
969
969
969
969
969
969
961
961
961
961
961
959
959
959
959
959
961
961
961
961
961
961
959
959
959
959
959
957
957
957
957
957
968
968
968
968
968
968
957
957
957
957
957
964
964
964
964
964
963
963
963
963
963
963
963
963
963
963
963
965
965
965
965
965
964
964
964
964
964
964
962
962
962
962
962
958
958
958
958
958
968
968
968
968
968
968
957
957
957
957
957
958
958
958
958
958
958
958
958
958
958
958
966
966
966
966
966
958
958
958
958
958
965
965
965
965
965
965
955
955
955
955
955
962
962
962
962
962
957
957
957
957
957
957
961
961
961
961
961
956
956
956
956
956
961
961
961
961
961
961
955
955
955
955
955
963
963
963
963
963
966
966
966
966
966
966
969
969
969
969
969
961
961
961
961
961
959
959
959
959
959
959
971
971
971
971
971
970
970
970
970
970
961
961
961
961
961
961
965
965
965
965
965
966
966
966
966
966
961
961
961
961
961
961
969
969
969
969
969
961
961
961
961
961
964
964
964
964
964
964
962
962
962
962
962
965
965
965
965
965
965
965
965
965
965
965
955
955
955
955
955
966
966
966
966
966
968
968
968
968
968
968
965
965
965
965
965
964
964
964
964
964
963
963
963
963
963
963
957
957
957
957
957
961
961
961
961
961
963
963
963
963
963
963
960
960
960
960
960
955
955
955
955
955
960
960
960
960
960
960
964
964
964
964
964
962
962
962
962
962
952
952
952
952
952
952
971
971
971
971
971
958
958
958
958
958
963
963
963
963
963
963
965
965
965
965
965
963
963
963
963
963
970
970
970
970
970
970
951
951
951
951
951
971
971
971
971
971
962
962
962
962
962
962
962
962
962
962
962
958
958
958
958
958
965
965
965
965
965
965
963
963
963
963
963
959
959
959
959
959
953
953
953
953
953
953
962
962
962
962
962
969
969
969
969
969
964
964
964
964
964
964
965
965
965
965
965
969
969
969
969
969
961
961
961
961
961
961
956
956
956
956
956
972
972
972
972
972
965
965
965
965
965
965
959
959
959
959
959
966
966
966
966
966
967
967
967
967
967
967
966
966
966
966
966
962
962
962
962
962
967
967
967
967
967
967
966
966
966
966
966
969
969
969
969
969
969
969
969
969
969
969
975
975
975
975
975
977
977
977
977
977
976
976
976
976
976
976
960
960
960
960
960
963
963
963
963
963
958
958
958
958
958
958
955
955
955
955
955
962
962
962
962
962
961
961
961
961
961
961
975
975
975
975
975
964
964
964
964
964
952
952
952
952
952
952
958
958
958
958
958
965
965
965
965
965
974
974
974
974
974
974
970
970
970
970
970
952
952
952
952
952
972
972
972
972
972
972
969
969
969
969
969
968
968
968
968
968
967
967
967
967
967
967
966
966
966
966
966
982
982
982
982
982
967
967
967
967
967
967
981
981
981
981
981
972
972
972
972
972
966
966
966
966
966
966
964
964
964
964
964
966
966
966
966
966
960
960
960
960
960
960
966
966
966
966
966
969
969
969
969
969
970
970
970
970
970
970
969
969
969
969
969
976
976
976
976
976
967
967
967
967
967
967
965
965
965
965
965
972
972
972
972
972
964
964
964
964
964
964
965
965
965
965
965
973
973
973
973
973
972
972
972
972
972
972
968
968
968
968
968
953
953
953
953
953
966
966
966
966
966
966
969
969
969
969
969
964
964
964
964
964
964
964
964
964
964
964
958
958
958
958
958
968
968
968
968
968
956
956
956
956
956
956
954
954
954
954
954
965
965
965
965
965
973
973
973
973
973
973
973
973
973
973
973
956
956
956
956
956
952
952
952
952
952
952
971
971
971
971
971
955
955
955
955
955
964
964
964
964
964
964
961
961
961
961
961
967
967
967
967
967
961
961
961
961
961
961
956
956
956
956
956
967
967
967
967
967
967
967
967
967
967
967
965
965
965
965
965
963
963
963
963
963
967
967
967
967
967
967
963
963
963
963
963
965
965
965
965
965
966
966
966
966
966
966
965
965
965
965
965
975
975
975
975
975
960
960
960
960
960
960
968
968
968
968
968
965
965
965
965
965
975
975
975
975
975
975
961
961
961
961
961
971
971
971
971
971
964
964
964
964
964
964
961
961
961
961
961
969
969
969
969
969
972
972
972
972
972
972
975
975
975
975
975
965
965
965
965
965
970
970
970
970
970
970
962
962
962
962
962
961
961
961
961
961
967
967
967
967
967
967
956
956
956
956
956
973
973
973
973
973
955
955
955
955
955
955
971
971
971
971
971
965
965
965
965
965
973
973
973
973
973
973
964
964
964
964
964
962
962
962
962
962
973
973
973
973
973
973
979
979
979
979
979
966
966
966
966
966
962
962
962
962
962
962
963
963
963
963
963
970
970
970
970
970
973
973
973
973
973
973
972
972
972
972
972
973
973
973
973
973
977
977
977
977
977
977
964
964
964
964
964
969
969
969
969
969
974
974
974
974
974
974
963
963
963
963
963
969
969
969
969
969
964
964
964
964
964
964
964
964
964
964
964
973
973
973
973
973
973
973
973
973
973
973
969
969
969
969
969
959
959
959
959
959
972
972
972
972
972
972
966
966
966
966
966
970
970
970
970
970
968
968
968
968
968
968
962
962
962
962
962
973
973
973
973
973
974
974
974
974
974
974
979
979
979
979
979
987
987
987
987
987
977
977
977
977
977
977
977
977
977
977
977
973
973
973
973
973
977
977
977
977
977
977
977
977
977
977
977
977
977
977
977
977
972
972
972
972
972
972
976
976
976
976
976
962
962
962
962
962
979
979
979
979
979
979
963
963
963
963
963
995
995
995
995
995
983
983
983
983
983
983
974
974
974
974
974
981
981
981
981
981
979
979
979
979
979
979
983
983
983
983
983
986
986
986
986
986
977
977
977
977
977
977
982
982
982
982
982
984
984
984
984
984
982
982
982
982
982
982
996
996
996
996
996
988
988
988
988
988
994
994
994
994
994
994
1006
1006
1006
1006
1006
1013
1013
1013
1013
1013
1009
1009
1009
1009
1009
1009
1021
1021
1021
1021
1021
1034
1034
1034
1034
1034
1020
1020
1020
1020
1020
1020
1026
1026
1026
1026
1026
1031
1031
1031
1031
1031
1035
1035
1035
1035
1035
1035
1024
1024
1024
1024
1024
1010
1010
1010
1010
1010
971
971
971
971
971
971
947
947
947
947
947
911
911
911
911
911
886
886
886
886
886
886
870
870
870
870
870
847
847
847
847
847
852
852
852
852
852
852
854
854
854
854
854
866
866
866
866
866
882
882
882
882
882
882
904
904
904
904
904
914
914
914
914
914
910
910
910
910
910
910
906
906
906
906
906
912
912
912
912
912
910
910
910
910
910
910
916
916
916
916
916
922
922
922
922
922
931
931
931
931
931
931
953
953
953
953
953
967
967
967
967
967
990
990
990
990
990
990
1017
1017
1017
1017
1017
1020
1020
1020
1020
1020
1053
1053
1053
1053
1053
1053
1055
1055
1055
1055
1055
1067
1067
1067
1067
1067
1069
1069
1069
1069
1069
1069
1043
1043
1043
1043
1043
1036
1036
1036
1036
1036
1021
1021
1021
1021
1021
1021
1006
1006
1006
1006
1006
1005
1005
1005
1005
1005
960
960
960
960
960
960
977
977
977
977
977
974
974
974
974
974
965
965
965
965
965
965
969
969
969
969
969
965
965
965
965
965
971
971
971
971
971
971
977
977
977
977
977
978
978
978
978
978
966
966
966
966
966
966
959
959
959
959
959
948
948
948
948
948
950
950
950
950
950
950
936
936
936
936
936
920
920
920
920
920
925
925
925
925
925
925
894
894
894
894
894
890
890
890
890
890
895
895
895
895
895
895
899
899
899
899
899
900
900
900
900
900
896
896
896
896
896
896
907
907
907
907
907
918
918
918
918
918
924
924
924
924
924
924
938
938
938
938
938
934
934
934
934
934
936
936
936
936
936
936
933
933
933
933
933
931
931
931
931
931
943
943
943
943
943
943
940
940
940
940
940
960
960
960
960
960
964
964
964
964
964
964
959
959
959
959
959
979
979
979
979
979
985
985
985
985
985
985
1013
1013
1013
1013
1013
1004
1004
1004
1004
1004
1025
1025
1025
1025
1025
1025
1014
1014
1014
1014
1014
1022
1022
1022
1022
1022
1008
1008
1008
1008
1008
1008
1020
1020
1020
1020
1020
1020
1020
1020
1020
1020
1014
1014
1014
1014
1014
1014
1018
1018
1018
1018
1018
1014
1014
1014
1014
1014
1017
1017
1017
1017
1017
1017
1019
1019
1019
1019
1019
1018
1018
1018
1018
1018
1033
1033
1033
1033
1033
1033
1023
1023
1023
1023
1023
1005
1005
1005
1005
1005
1008
1008
1008
1008
1008
1008
1005
1005
1005
1005
1005
981
981
981
981
981
985
985
985
985
985
985
956
956
956
956
956
922
922
922
922
922
903
903
903
903
903
903
895
895
895
895
895
865
865
865
865
865
862
862
862
862
862
862
848
848
848
848
848
863
863
863
863
863
881
881
881
881
881
881
890
890
890
890
890
918
918
918
918
918
930
930
930
930
930
930
936
936
936
936
936
979
979
979
979
979
986
986
986
986
986
986
990
990
990
990
990
996
996
996
996
996
996
996
996
996
996
996
1011
1011
1011
1011
1011
1004
1004
1004
1004
1004
1028
1028
1028
1028
1028
1028
1040
1040
1040
1040
1040
1047
1047
1047
1047
1047
1051
1051
1051
1051
1051
1051
1054
1054
1054
1054
1054
1054
1054
1054
1054
1054
1048
1048
1048
1048
1048
1048
1038
1038
1038
1038
1038
1030
1030
1030
1030
1030
1029
1029
1029
1029
1029
1029
1025
1025
1025
1025
1025
1020
1020
1020
1020
1020
1023
1023
1023
1023
1023
1023
1024
1024
1024
1024
1024
1001
1001
1001
1001
1001
977
977
977
977
977
977
950
950
950
950
950
911
911
911
911
911
897
897
897
897
897
897
851
851
851
851
851
798
798
798
798
798
753
753
753
753
753
753
681
681
681
681
681
641
641
641
641
641
580
580
580
580
580
580
530
530
530
530
530
495
495
495
495
495
473
473
473
473
473
473
482
482
482
482
482
515
515
515
515
515
564
564
564
564
564
564
613
613
613
613
613
676
676
676
676
676
675
675
675
675
675
675
689
689
689
689
689
655
655
655
655
655
622
622
622
622
622
622
588
588
588
588
588
584
584
584
584
584
591
591
591
591
591
591
664
664
664
664
664
781
781
781
781
781
948
948
948
948
948
948
1181
1181
1181
1181
1181
1471
1471
1471
1471
1471
1780
1780
1780
1780
1780
1780
2082
2082
2082
2082
2082
2334
2334
2334
2334
2334
2516
2516
2516
2516
2516
2516
2576
2576
2576
2576
2576
2514
2514
2514
2514
2514
2318
2318
2318
2318
2318
2318
2004
2004
2004
2004
2004
1600
1600
1600
1600
1600
1184
1184
1184
1184
1184
1184
772
772
772
772
772
443
443
443
443
443
260
260
260
260
260
260
157
157
157
157
157
116
116
116
116
116
102
102
102
102
102
102
99
99
99
99
99
128
128
128
128
128
172
172
172
172
172
172
258
258
258
258
258
394
394
394
394
394
570
570
570
570
570
570
783
783
783
783
783
962
962
962
962
962
1084
1084
1084
1084
1084
1084
1196
1196
1196
1196
1196
1266
1266
1266
1266
1266
1340
1340
1340
1340
1340
1340
1419
1419
1419
1419
1419
1496
1496
1496
1496
1496
1557
1557
1557
1557
1557
1557
1622
1622
1622
1622
1622
1675
1675
1675
1675
1675
1717
1717
1717
1717
1717
1717
1721
1721
1721
1721
1721
1622
1622
1622
1622
1622
1460
1460
1460
1460
1460
1460
1235
1235
1235
1235
1235
1006
1006
1006
1006
1006
774
774
774
774
774
774
596
596
596
596
596
476
476
476
476
476
409
409
409
409
409
409
406
406
406
406
406
450
450
450
450
450
560
560
560
560
560
560
726
726
726
726
726
916
916
916
916
916
1129
1129
1129
1129
1129
1129
1302
1302
1302
1302
1302
1440
1440
1440
1440
1440
1547
1547
1547
1547
1547
1547
1614
1614
1614
1614
1614
1639
1639
1639
1639
1639
1599
1599
1599
1599
1599
1599
1534
1534
1534
1534
1534
1436
1436
1436
1436
1436
1361
1361
1361
1361
1361
1361
1286
1286
1286
1286
1286
1202
1202
1202
1202
1202
1152
1152
1152
1152
1152
1152
1088
1088
1088
1088
1088
1034
1034
1034
1034
1034
961
961
961
961
961
961
881
881
881
881
881
786
786
786
786
786
684
684
684
684
684
684
583
583
583
583
583
519
519
519
519
519
492
492
492
492
492
492
496
496
496
496
496
534
534
534
534
534
601
601
601
601
601
601
718
718
718
718
718
866
866
866
866
866
1027
1027
1027
1027
1027
1027
1165
1165
1165
1165
1165
1271
1271
1271
1271
1271
1332
1332
1332
1332
1332
1332
1343
1343
1343
1343
1343
1329
1329
1329
1329
1329
1280
1280
1280
1280
1280
1280
1211
1211
1211
1211
1211
1131
1131
1131
1131
1131
1018
1018
1018
1018
1018
1018
923
923
923
923
923
845
845
845
845
845
779
779
779
779
779
779
756
756
756
756
756
758
758
758
758
758
770
770
770
770
770
770
832
832
832
832
832
917
917
917
917
917
1003
1003
1003
1003
1003
1003
1096
1096
1096
1096
1096
1155
1155
1155
1155
1155
1179
1179
1179
1179
1179
1179
1175
1175
1175
1175
1175
1128
1128
1128
1128
1128
1062
1062
1062
1062
1062
1062
984
984
984
984
984
914
914
914
914
914
872
872
872
872
872
872
844
844
844
844
844
836
836
836
836
836
841
841
841
841
841
841
864
864
864
864
864
866
866
866
866
866
872
872
872
872
872
872
860
860
860
860
860
844
844
844
844
844
796
796
796
796
796
796
745
745
745
745
745
711
711
711
711
711
697
697
697
697
697
697
711
711
711
711
711
752
752
752
752
752
802
802
802
802
802
802
851
851
851
851
851
892
892
892
892
892
910
910
910
910
910
910
907
907
907
907
907
875
875
875
875
875
837
837
837
837
837
837
805
805
805
805
805
781
781
781
781
781
777
777
777
777
777
777
773
773
773
773
773
760
760
760
760
760
750
750
750
750
750
750
724
724
724
724
724
717
717
717
717
717
713
713
713
713
713
713
775
775
775
775
775
848
848
848
848
848
952
952
952
952
952
952
1054
1054
1054
1054
1054
1145
1145
1145
1145
1145
1197
1197
1197
1197
1197
1197
1214
1214
1214
1214
1214
1206
1206
1206
1206
1206
1158
1158
1158
1158
1158
1158
1085
1085
1085
1085
1085
1018
1018
1018
1018
1018
970
970
970
970
970
970
938
938
938
938
938
917
917
917
917
917
919
919
919
919
919
919
930
930
930
930
930
939
939
939
939
939
931
931
931
931
931
931
921
921
921
921
921
896
896
896
896
896
881
881
881
881
881
881
883
883
883
883
883
886
886
886
886
886
892
892
892
892
892
892
897
897
897
897
897
894
894
894
894
894
900
900
900
900
900
900
916
916
916
916
916
969
969
969
969
969
1006
1006
1006
1006
1006
1006
1060
1060
1060
1060
1060
1110
1110
1110
1110
1110
1147
1147
1147
1147
1147
1147
1162
1162
1162
1162
1162
1168
1168
1168
1168
1168
1126
1126
1126
1126
1126
1126
1080
1080
1080
1080
1080
1026
1026
1026
1026
1026
969
969
969
969
969
969
930
930
930
930
930
903
903
903
903
903
888
888
888
888
888
888
896
896
896
896
896
909
909
909
909
909
919
919
919
919
919
919
941
941
941
941
941
942
942
942
942
942
954
954
954
954
954
954
973
973
973
973
973
985
985
985
985
985
990
990
990
990
990
990
989
989
989
989
989
999
999
999
999
999
996
996
996
996
996
996
998
998
998
998
998
981
981
981
981
981
989
989
989
989
989
989
996
996
996
996
996
1019
1019
1019
1019
1019
1052
1052
1052
1052
1052
1052
1077
1077
1077
1077
1077
1091
1091
1091
1091
1091
1105
1105
1105
1105
1105
1105
1109
1109
1109
1109
1109
1100
1100
1100
1100
1100
1095
1095
1095
1095
1095
1095
1048
1048
1048
1048
1048
1026
1026
1026
1026
1026
1001
1001
1001
1001
1001
1001
991
991
991
991
991
992
992
992
992
992
1001
1001
1001
1001
1001
1001
1010
1010
1010
1010
1010
1020
1020
1020
1020
1020
1021
1021
1021
1021
1021
1021
1033
1033
1033
1033
1033
1049
1049
1049
1049
1049
1039
1039
1039
1039
1039
1039
1043
1043
1043
1043
1043
1040
1040
1040
1040
1040
1024
1024
1024
1024
1024
1024
1025
1025
1025
1025
1025
1015
1015
1015
1015
1015
1011
1011
1011
1011
1011
1011
1003
1003
1003
1003
1003
1016
1016
1016
1016
1016
1003
1003
1003
1003
1003
1003
1018
1018
1018
1018
1018
1015
1015
1015
1015
1015
1015
1015
1015
1015
1015
1015
990
990
990
990
990
974
974
974
974
974
945
945
945
945
945
945
931
931
931
931
931
916
916
916
916
916
898
898
898
898
898
898
913
913
913
913
913
925
925
925
925
925
943
943
943
943
943
943
997
997
997
997
997
1013
1013
1013
1013
1013
1025
1025
1025
1025
1025
1025
1033
1033
1033
1033
1033
1017
1017
1017
1017
1017
993
993
993
993
993
993
961
961
961
961
961
920
920
920
920
920
923
923
923
923
923
923
897
897
897
897
897
917
917
917
917
917
914
914
914
914
914
914
924
924
924
924
924
936
936
936
936
936
932
932
932
932
932
932
942
942
942
942
942
938
938
938
938
938
959
959
959
959
959
959
979
979
979
979
979
1010
1010
1010
1010
1010
1036
1036
1036
1036
1036
1036
1057
1057
1057
1057
1057
1066
1066
1066
1066
1066
1052
1052
1052
1052
1052
1052
1033
1033
1033
1033
1033
987
987
987
987
987
959
959
959
959
959
959
909
909
909
909
909
887
887
887
887
887
879
879
879
879
879
879
889
889
889
889
889
884
884
884
884
884
878
878
878
878
878
878
879
879
879
879
879
872
872
872
872
872
859
859
859
859
859
859
847
847
847
847
847
870
870
870
870
870
869
869
869
869
869
869
882
882
882
882
882
913
913
913
913
913
948
948
948
948
948
948
984
984
984
984
984
996
996
996
996
996
1035
1035
1035
1035
1035
1035
1030
1030
1030
1030
1030
1045
1045
1045
1045
1045
1019
1019
1019
1019
1019
1019
1020
1020
1020
1020
1020
999
999
999
999
999
985
985
985
985
985
985
970
970
970
970
970
976
976
976
976
976
1005
1005
1005
1005
1005
1005
1002
1002
1002
1002
1002
993
993
993
993
993
994
994
994
994
994
994
986
986
986
986
986
964
964
964
964
964
953
953
953
953
953
953
954
954
954
954
954
960
960
960
960
960
953
953
953
953
953
953
957
957
957
957
957
955
955
955
955
955
952
952
952
952
952
952
950
950
950
950
950
950
950
950
950
950
936
936
936
936
936
936
920
920
920
920
920
913
913
913
913
913
888
888
888
888
888
888
910
910
910
910
910
902
902
902
902
902
927
927
927
927
927
927
945
945
945
945
945
956
956
956
956
956
967
967
967
967
967
967
967
967
967
967
967
947
947
947
947
947
942
942
942
942
942
942
935
935
935
935
935
927
927
927
927
927
928
928
928
928
928
928
903
903
903
903
903
905
905
905
905
905
911
911
911
911
911
911
913
913
913
913
913
907
907
907
907
907
902
902
902
902
902
902
895
895
895
895
895
899
899
899
899
899
911
911
911
911
911
911
930
930
930
930
930
958
958
958
958
958
964
964
964
964
964
964
984
984
984
984
984
1010
1010
1010
1010
1010
1022
1022
1022
1022
1022
1022
1031
1031
1031
1031
1031
1014
1014
1014
1014
1014
995
995
995
995
995
995
985
985
985
985
985
972
972
972
972
972
981
981
981
981
981
981
973
973
973
973
973
981
981
981
981
981
974
974
974
974
974
974
973
973
973
973
973
982
982
982
982
982
974
974
974
974
974
974
967
967
967
967
967
966
966
966
966
966
974
974
974
974
974
974
982
982
982
982
982
999
999
999
999
999
1011
1011
1011
1011
1011
1011
1025
1025
1025
1025
1025
1039
1039
1039
1039
1039
1023
1023
1023
1023
1023
1023
1022
1022
1022
1022
1022
1019
1019
1019
1019
1019
1001
1001
1001
1001
1001
1001
976
976
976
976
976
960
960
960
960
960
954
954
954
954
954
954
945
945
945
945
945
941
941
941
941
941
934
934
934
934
934
934
917
917
917
917
917
911
911
911
911
911
917
917
917
917
917
917
930
930
930
930
930
931
931
931
931
931
933
933
933
933
933
933
941
941
941
941
941
938
938
938
938
938
951
951
951
951
951
951
949
949
949
949
949
965
965
965
965
965
959
959
959
959
959
959
965
965
965
965
965
966
966
966
966
966
985
985
985
985
985
985
987
987
987
987
987
999
999
999
999
999
985
985
985
985
985
985
988
988
988
988
988
991
991
991
991
991
978
978
978
978
978
978
983
983
983
983
983
963
963
963
963
963
976
976
976
976
976
976
961
961
961
961
961
989
989
989
989
989
1006
1006
1006
1006
1006
1006
1024
1024
1024
1024
1024
1043
1043
1043
1043
1043
1053