977
977
977
977
977
977
988
988
988
988
988
983
983
983
983
983
982
982
982
982
982
982
944
944
944
944
944
1019
1019
1019
1019
1019
978
978
978
978
978
978
962
962
962
962
962
986
986
986
986
986
955
955
955
955
955
955
969
969
969
969
969
982
982
982
982
982
986
986
986
986
986
986
963
963
963
963
963
984
984
984
984
984
959
959
959
959
959
959
951
951
951
951
951
974
974
974
974
974
1000
1000
1000
1000
1000
1000
978
978
978
978
978
986
986
986
986
986
986
986
986
986
986
986
978
978
978
978
978
989
989
989
989
989
972
972
972
972
972
972
987
987
987
987
987
987
987
987
987
987
966
966
966
966
966
966
982
982
982
982
982
990
990
990
990
990
1007
1007
1007
1007
1007
1007
974
974
974
974
974
973
973
973
973
973
954
954
954
954
954
954
972
972
972
972
972
955
955
955
955
955
986
986
986
986
986
986
949
949
949
949
949
971
971
971
971
971
955
955
955
955
955
955
984
984
984
984
984
972
972
972
972
972
954
954
954
954
954
954
968
968
968
968
968
979
979
979
979
979
956
956
956
956
956
956
961
961
961
961
961
982
982
982
982
982
976
976
976
976
976
976
978
978
978
978
978
974
974
974
974
974
967
967
967
967
967
967
961
961
961
961
961
965
965
965
965
965
973
973
973
973
973
973
963
963
963
963
963
976
976
976
976
976
949
949
949
949
949
949
944
944
944
944
944
968
968
968
968
968
956
956
956
956
956
956
951
951
951
951
951
937
937
937
937
937
931
931
931
931
931
931
943
943
943
943
943
936
936
936
936
936
926
926
926
926
926
926
923
923
923
923
923
939
939
939
939
939
917
917
917
917
917
917
917
917
917
917
917
904
904
904
904
904
925
925
925
925
925
925
902
902
902
902
902
932
932
932
932
932
926
926
926
926
926
926
950
950
950
950
950
970
970
970
970
970
993
993
993
993
993
993
976
976
976
976
976
998
998
998
998
998
971
971
971
971
971
971
972
972
972
972
972
959
959
959
959
959
936
936
936
936
936
936
941
941
941
941
941
927
927
927
927
927
904
904
904
904
904
904
923
923
923
923
923
916
916
916
916
916
912
912
912
912
912
912
905
905
905
905
905
916
916
916
916
916
931
931
931
931
931
931
930
930
930
930
930
921
921
921
921
921
916
916
916
916
916
916
898
898
898
898
898
886
886
886
886
886
887
887
887
887
887
887
878
878
878
878
878
861
861
861
861
861
864
864
864
864
864
864
861
861
861
861
861
860
860
860
860
860
876
876
876
876
876
876
887
887
887
887
887
918
918
918
918
918
939
939
939
939
939
939
966
966
966
966
966
977
977
977
977
977
995
995
995
995
995
995
987
987
987
987
987
958
958
958
958
958
924
924
924
924
924
924
897
897
897
897
897
855
855
855
855
855
827
827
827
827
827
827
822
822
822
822
822
855
855
855
855
855
954
954
954
954
954
954
1136
1136
1136
1136
1136
1388
1388
1388
1388
1388
1636
1636
1636
1636
1636
1636
1834
1834
1834
1834
1834
1918
1918
1918
1918
1918
1872
1872
1872
1872
1872
1872
1689
1689
1689
1689
1689
1456
1456
1456
1456
1456
1139
1139
1139
1139
1139
1139
895
895
895
895
895
749
749
749
749
749
689
689
689
689
689
689
683
683
683
683
683
668
668
668
668
668
683
683
683
683
683
683
720
720
720
720
720
771
771
771
771
771
831
831
831
831
831
831
929
929
929
929
929
992
992
992
992
992
1062
1062
1062
1062
1062
1062
1120
1120
1120
1120
1120
1225
1225
1225
1225
1225
1399
1399
1399
1399
1399
1399
1611
1611
1611
1611
1611
1808
1808
1808
1808
1808
1925
1925
1925
1925
1925
1925
1947
1947
1947
1947
1947
1828
1828
1828
1828
1828
1584
1584
1584
1584
1584
1584
1328
1328
1328
1328
1328
1057
1057
1057
1057
1057
876
876
876
876
876
876
794
794
794
794
794
780
780
780
780
780
782
782
782
782
782
782
835
835
835
835
835
892
892
892
892
892
1008
1008
1008
1008
1008
1008
1115
1115
1115
1115
1115
1143
1143
1143
1143
1143
1092
1092
1092
1092
1092
1092
1003
1003
1003
1003
1003
917
917
917
917
917
842
842
842
842
842
842
778
778
778
778
778
743
743
743
743
743
746
746
746
746
746
746
762
762
762
762
762
795
795
795
795
795
839
839
839
839
839
839
905
905
905
905
905
936
936
936
936
936
915
915
915
915
915
915
873
873
873
873
873
787
787
787
787
787
709
709
709
709
709
709
667
667
667
667
667
635
635
635
635
635
611
611
611
611
611
611
606
606
606
606
606
601
601
601
601
601
615
615
615
615
615
615
627
627
627
627
627
672
672
672
672
672
718
718
718
718
718
718
788
788
788
788
788
924
924
924
924
924
1048
1048
1048
1048
1048
1048
1143
1143
1143
1143
1143
1162
1162
1162
1162
1162
1099
1099
1099
1099
1099
1099
1033
1033
1033
1033
1033
979
979
979
979
979
942
942
942
942
942
942
939
939
939
939
939
984
984
984
984
984
1133
1133
1133
1133
1133
1133
1439
1439
1439
1439
1439
1871
1871
1871
1871
1871
2409
2409
2409
2409
2409
2409
2938
2938
2938
2938
2938
3424
3424
3424
3424
3424
3770
3770
3770
3770
3770
3770
3889
3889
3889
3889
3889
3824
3824
3824
3824
3824
3589
3589
3589
3589
3589
3589
3251
3251
3251
3251
3251
2762
2762
2762
2762
2762
2145
2145
2145
2145
2145
2145
1546
1546
1546
1546
1546
1071
1071
1071
1071
1071
789
789
789
789
789
789
673
673
673
673
673
633
633
633
633
633
609
609
609
609
609
609
614
614
614
614
614
612
612
612
612
612
651
651
651
651
651
651
692
692
692
692
692
788
788
788
788
788
927
927
927
927
927
927
1168
1168
1168
1168
1168
1372
1372
1372
1372
1372
1578
1578
1578
1578
1578
1578
1689
1689
1689
1689
1689
1753
1753
1753
1753
1753
1763
1763
1763
1763
1763
1763
1689
1689
1689
1689
1689
1594
1594
1594
1594
1594
1482
1482
1482
1482
1482
1482
1391
1391
1391
1391
1391
1298
1298
1298
1298
1298
1218
1218
1218
1218
1218
1218
1111
1111
1111
1111
1111
981
981
981
981
981
834
834
834
834
834
834
720
720
720
720
720
656
656
656
656
656
619
619
619
619
619
619
596
596
596
596
596
578
578
578
578
578
579
579
579
579
579
579
590
590
590
590
590
614
614
614
614
614
676
676
676
676
676
676
763
763
763
763
763
1021
1021
1021
1021
1021
1392
1392
1392
1392
1392
1392
1715
1715
1715
1715
1715
1962
1962
1962
1962
1962
2154
2154
2154
2154
2154
2154
2365
2365
2365
2365
2365
2587
2587
2587
2587
2587
2780
2780
2780
2780
2780
2780
2929
2929
2929
2929
2929
2949
2949
2949
2949
2949
2908
2908
2908
2908
2908
2908
2812
2812
2812
2812
2812
2598
2598
2598
2598
2598
2265
2265
2265
2265
2265
2265
1941
1941
1941
1941
1941
1684
1684
1684
1684
1684
1557
1557
1557
1557
1557
1557
1491
1491
1491
1491
1491
1429
1429
1429
1429
1429
1316
1316
1316
1316
1316
1316
1138
1138
1138
1138
1138
905
905
905
905
905
740
740
740
740
740
740
647
647
647
647
647
609
609
609
609
609
585
585
585
585
585
585
574
574
574
574
574
593
593
593
593
593
647
647
647
647
647
647
751
751
751
751
751
1064
1064
1064
1064
1064
1543
1543
1543
1543
1543
1543
1905
1905
1905
1905
1905
2115
2115
2115
2115
2115
2089
2089
2089
2089
2089
2089
1806
1806
1806
1806
1806
1363
1363
1363
1363
1363
954
954
954
954
954
954
733
733
733
733
733
637
637
637
637
637
605
605
605
605
605
605
595
595
595
595
595
600
600
600
600
600
595
595
595
595
595
595
624
624
624
624
624
642
642
642
642
642
681
681
681
681
681
681
730
730
730
730
730
821
821
821
821
821
927
927
927
927
927
927
1061
1061
1061
1061
1061
1144
1144
1144
1144
1144
1319
1319
1319
1319
1319
1319
1539
1539
1539
1539
1539
1822
1822
1822
1822
1822
2050
2050
2050
2050
2050
2050
2196
2196
2196
2196
2196
2253
2253
2253
2253
2253
2281
2281
2281
2281
2281
2281
2088
2088
2088
2088
2088
1790
1790
1790
1790
1790
1324
1324
1324
1324
1324
1324
906
906
906
906
906
709
709
709
709
709
629
629
629
629
629
629
607
607
607
607
607
599
599
599
599
599
596
596
596
596
596
596
607
607
607
607
607
648
648
648
648
648
698
698
698
698
698
698
764
764
764
764
764
837
837
837
837
837
924
924
924
924
924
924
952
952
952
952
952
945
945
945
945
945
948
948
948
948
948
948
922
922
922
922
922
904
904
904
904
904
879
879
879
879
879
879
867
867
867
867
867
843
843
843
843
843
761
761
761
761
761
761
753
753
753
753
753
722
722
722
722
722
688
688
688
688
688
688
671
671
671
671
671
667
667
667
667
667
665
665
665
665
665
665
669
669
669
669
669
676
676
676
676
676
709
709
709
709
709
709
731
731
731
731
731
775
775
775
775
775
839
839
839
839
839
839
932
932
932
932
932
1048
1048
1048
1048
1048
1189
1189
1189
1189
1189
1189
1309
1309
1309
1309
1309
1361
1361
1361
1361
1361
1400
1400
1400
1400
1400
1400
1380
1380
1380
1380
1380
1306
1306
1306
1306
1306
1169
1169
1169
1169
1169
1169
1045
1045
1045
1045
1045
926
926
926
926
926
830
830
830
830
830
830
796
796
796
796
796
718
718
718
718
718
715
715
715
715
715
715
699
699
699
699
699
722
722
722
722
722
709
709
709
709
709
709
732
732
732
732
732
751
751
751
751
751
777
777
777
777
777
777
816
816
816
816
816
859
859
859
859
859
896
896
896
896
896
896
940
940
940
940
940
1003
1003
1003
1003
1003
1023
1023
1023
1023
1023
1023
1061
1061
1061
1061
1061
1081
1081
1081
1081
1081
1109
1109
1109
1109
1109
1109
1085
1085
1085
1085
1085
1060
1060
1060
1060
1060
995
995
995
995
995
995
984
984
984
984
984
942
942
942
942
942
888
888
888
888
888
888
839
839
839
839
839
823
823
823
823
823
795
795
795
795
795
795
774
774
774
774
774
785
785
785
785
785
792
792
792
792
792
792
798
798
798
798
798
842
842
842
842
842
880
880
880
880
880
880
915
915
915
915
915
1013
1013
1013
1013
1013
1081
1081
1081
1081
1081
1081
1161
1161
1161
1161
1161
1253
1253
1253
1253
1253
1321
1321
1321
1321
1321
1321
1450
1450
1450
1450
1450
1499
1499
1499
1499
1499
1525
1525
1525
1525
1525
1525
1535
1535
1535
1535
1535
1546
1546
1546
1546
1546
1507
1507
1507
1507
1507
1507
1426
1426
1426
1426
1426
1324
1324
1324
1324
1324
1203
1203
1203
1203
1203
1203
1105
1105
1105
1105
1105
1030
1030
1030
1030
1030
975
975
975
975
975
975
937
937
937
937
937
979
979
979
979
979
1024
1024
1024
1024
1024
1024
1092
1092
1092
1092
1092
1203
1203
1203
1203
1203
1311
1311
1311
1311
1311
1311
1372
1372
1372
1372
1372
1387
1387
1387
1387
1387
1375
1375
1375
1375
1375
1375
1303
1303
1303
1303
1303
1262
1262
1262
1262
1262
1181
1181
1181
1181
1181
1181
1126
1126
1126
1126
1126
1073
1073
1073
1073
1073
1116
1116
1116
1116
1116
1116
1182
1182
1182
1182
1182
1233
1233
1233
1233
1233
1354
1354
1354
1354
1354
1354
1458
1458
1458
1458
1458
1531
1531
1531
1531
1531
1543
1543
1543
1543
1543
1543
1572
1572
1572
1572
1572
1447
1447
1447
1447
1447
1354
1354
1354
1354
1354
1354
1217
1217
1217
1217
1217
1113
1113
1113
1113
1113
988
988
988
988
988
988
912
912
912
912
912
850
850
850
850
850
843
843
843
843
843
843
836
836
836
836
836
864
864
864
864
864
896
896
896
896
896
896
902
902
902
902
902
928
928
928
928
928
935
935
935
935
935
935
959
959
959
959
959
975
975
975
975
975
1000
1000
1000
1000
1000
1000
1001
1001
1001
1001
1001
1055
1055
1055
1055
1055
1112
1112
1112
1112
1112
1112
1149
1149
1149
1149
1149
1192
1192
1192
1192
1192
1240
1240
1240
1240
1240
1240
1270
1270
1270
1270
1270
1267
1267
1267
1267
1267
1219
1219
1219
1219
1219
1219
1190
1190
1190
1190
1190
1111
1111
1111
1111
1111
1088
1088
1088
1088
1088
1088
1024
1024
1024
1024
1024
1008
1008
1008
1008
1008
954
954
954
954
954
954
922
922
922
922
922
911
911
911
911
911
904
904
904
904
904
904
889
889
889
889
889
905
905
905
905
905
925
925
925
925
925
925
937
937
937
937
937
956
956
956
956
956
1016
1016
1016
1016
1016
1016
1077
1077
1077
1077
1077
1129
1129
1129
1129
1129
1193
1193
1193
1193
1193
1193
1195
1195
1195
1195
1195
1182
1182
1182
1182
1182
1124
1124
1124
1124
1124
1124
1043
1043
1043
1043
1043
943
943
943
943
943
859
859
859
859
859
859
788
788
788
788
788
763
763
763
763
763
743
743
743
743
743
743
743
743
743
743
743
791
791
791
791
791
831
831
831
831
831
831
886
886
886
886
886
1001
1001
1001
1001
1001
1045
1045
1045
1045
1045
1045
1104
1104
1104
1104
1104
1114
1114
1114
1114
1114
1073
1073
1073
1073
1073
1073
983
983
983
983
983
912
912
912
912
912
849
849
849
849
849
849
781
781
781
781
781
743
743
743
743
743
742
742
742
742
742
742
744
744
744
744
744
761
761
761
761
761
791
791
791
791
791
791
833
833
833
833
833
890
890
890
890
890
967
967
967
967
967
967
1025
1025
1025
1025
1025
1020
1020
1020
1020
1020
997
997
997
997
997
997
920
920
920
920
920
853
853
853
853
853
800
800
800
800
800
800
753
753
753
753
753
771
771
771
771
771
770
770
770
770
770
770
806
806
806
806
806
869
869
869
869
869
923
923
923
923
923
923
1035
1035
1035
1035
1035
1128
1128
1128
1128
1128
1178
1178
1178
1178
1178
1178
1149
1149
1149
1149
1149
1082
1082
1082
1082
1082
957
957
957
957
957
957
888
888
888
888
888
821
821
821
821
821
779
779
779
779
779
779
748
748
748
748
748
739
739
739
739
739
761
761
761
761
761
761
773
773
773
773
773
809
809
809
809
809
855
855
855
855
855
855
927
927
927
927
927
976
976
976
976
976
1009
1009
1009
1009
1009
1009
1045
1045
1045
1045
1045
1061
1061
1061
1061
1061
1050
1050
1050
1050
1050
1050
1055
1055
1055
1055
1055
1020
1020
1020
1020
1020
1003
1003
1003
1003
1003
1003
1002
1002
1002
1002
1002
978
978
978
978
978
985
985
985
985
985
985
997
997
997
997
997
1039
1039
1039
1039
1039
1057
1057
1057
1057
1057
1057
1141
1141
1141
1141
1141
1168
1168
1168
1168
1168
1181
1181
1181
1181
1181
1181
1187
1187
1187
1187
1187
1148
1148
1148
1148
1148
1078
1078
1078
1078
1078
1078
1011
1011
1011
1011
1011
964
964
964
964
964
938
938
938
938
938
938
924
924
924
924
924
905
905
905
905
905
930
930
930
930
930
930
995
995
995
995
995
1065
1065
1065
1065
1065
1141
1141
1141
1141
1141
1141
1190
1190
1190
1190
1190
1172
1172
1172
1172
1172
1176
1176
1176
1176
1176
1176
1132
1132
1132
1132
1132
1067
1067
1067
1067
1067
992
992
992
992
992
992
939
939
939
939
939
875
875
875
875
875
853
853
853
853
853
853
844
844
844
844
844
869
869
869
869
869
921
921
921
921
921
921
978
978
978
978
978
1033
1033
1033
1033
1033
1083
1083
1083
1083
1083
1083
1083
1083
1083
1083
1083
1081
1081
1081
1081
1081
969
969
969
969
969
969
915
915
915
915
915
862
862
862
862
862
788
788
788
788
788
788
771
771
771
771
771
722
722
722
722
722
744
744
744
744
744
744
728
728
728
728
728
746
746
746
746
746
769
769
769
769
769
769
797
797
797
797
797
826
826
826
826
826
826
826
826
826
826
826
865
865
865
865
865
876
876
876
876
876
864
864
864
864
864
864
889
889
889
889
889
863
863
863
863
863
903
903
903
903
903
903
935
935
935
935
935
960
960
960
960
960
1020
1020
1020
1020
1020
1020
1086
1086
1086
1086
1086
1177
1177
1177
1177
1177
1244
1244
1244
1244
1244
1244
1332
1332
1332
1332
1332
1378
1378
1378
1378
1378
1425
1425
1425
1425
1425
1425
1443
1443
1443
1443
1443
1448
1448
1448
1448
1448
1458
1458
1458
1458
1458
1458
1483
1483
1483
1483
1483
1515
1515
1515
1515
1515
1554
1554
1554
1554
1554
1554
1565
1565
1565
1565
1565
1558
1558
1558
1558
1558
1538
1538
1538
1538
1538
1538
1483
1483
1483
1483
1483
1460
1460
1460
1460
1460
1385
1385
1385
1385
1385
1385
1321
1321
1321
1321
1321
1272
1272
1272
1272
1272
1275
1275
1275
1275
1275
1275
1268
1268
1268
1268
1268
1269
1269
1269
1269
1269
1294
1294
1294
1294
1294
1294
1317
1317
1317
1317
1317
1351
1351
1351
1351
1351
1330
1330
1330
1330
1330
1330
1306
1306
1306
1306
1306
1214
1214
1214
1214
1214
1173
1173
1173
1173
1173
1173
1122
1122
1122
1122
1122
1076
1076
1076
1076
1076
1047
1047
1047
1047
1047
1047
1073
1073
1073
1073
1073
1094
1094
1094
1094
1094
1111
1111
1111
1111
1111
1111
1133
1133
1133
1133
1133
1153
1153
1153
1153
1153
1110
1110
1110
1110
1110
1110
1054
1054
1054
1054
1054
981
981
981
981
981
907
907
907
907
907
907
844
844
844
844
844
837
837
837
837
837
847
847
847
847
847
847
859
859
859
859
859
910
910
910
910
910
980
980
980
980
980
980
1063
1063
1063
1063
1063
1149
1149
1149
1149
1149
1168
1168
1168
1168
1168
1168
1140
1140
1140
1140
1140
1077
1077
1077
1077
1077
1025
1025
1025
1025
1025
1025
955
955
955
955
955
888
888
888
888
888
833
833
833
833
833
833
809
809
809
809
809
794
794
794
794
794
782
782
782
782
782
782
807
807
807
807
807
839
839
839
839
839
860
860
860
860
860
860
887
887
887
887
887
921
921
921
921
921
940
940
940
940
940
940
963
963
963
963
963
985
985
985
985
985
956
956
956
956
956
956
918
918
918
918
918
915
915
915
915
915
914
914
914
914
914
914
934
934
934
934
934
972
972
972
972
972
1044
1044
1044
1044
1044
1044
1050
1050
1050
1050
1050
1129
1129
1129
1129
1129
1170
1170
1170
1170
1170
1170
1159
1159
1159
1159
1159
1075
1075
1075
1075
1075
977
977
977
977
977
977
856
856
856
856
856
772
772
772
772
772
725
725
725
725
725
725
705
705
705
705
705
711
711
711
711
711
724
724
724
724
724
724
777
777
777
777
777
913
913
913
913
913
1078
1078
1078
1078
1078
1078
1259
1259
1259
1259
1259
1447
1447
1447
1447
1447
1565
1565
1565
1565
1565
1565
1584
1584
1584
1584
1584
1529
1529
1529
1529
1529
1392
1392
1392
1392
1392
1392
1226
1226
1226
1226
1226
1045
1045
1045
1045
1045
923
923
923
923
923
923
845
845
845
845
845
794
794
794
794
794
764
764
764
764
764
764
774
774
774
774
774
793
793
793
793
793
822
822
822
822
822
822
857
857
857
857
857
909
909
909
909
909
929
929
929
929
929
929
924
924
924
924
924
895
895
895
895
895
806
806
806
806
806
806
780
780
780
780
780
731
731
731
731
731
692
692
692
692
692
692
694
694
694
694
694
689
689
689
689
689
715
715
715
715
715
715
764
764
764
764
764
862
862
862
862
862
1076
1076
1076
1076
1076
1076
1292
1292
1292
1292
1292
1490
1490
1490
1490
1490
1641
1641
1641
1641
1641
1641
1664
1664
1664
1664
1664
1565
1565
1565
1565
1565
1297
1297
1297
1297
1297
1297
1100
1100
1100
1100
1100
877
877
877
877
877
759
759
759
759
759
759
679
679
679
679
679
650
650
650
650
650
646
646
646
646
646
646
636
636
636
636
636
657
657
657
657
657
679
679
679
679
679
679
702
702
702
702
702
743
743
743
743
743
779
779
779
779
779
779
815
815
815
815
815
865
865
865
865
865
892
892
892
892
892
892
933
933
933
933
933
937
937
937
937
937
951
951
951
951
951
951
972
972
972
972
972
1009
1009
1009
1009
1009
1068
1068
1068
1068
1068
1068
1077
1077
1077
1077
1077
1097
1097
1097
1097
1097
1141
1141
1141
1141
1141
1141
1184
1184
1184
1184
1184
1223
1223
1223
1223
1223
1255
1255
1255
1255
1255
1255
1234
1234
1234
1234
1234
1224
1224
1224
1224
1224
1196
1196
1196
1196
1196
1196
1157
1157
1157
1157
1157
1103
1103
1103
1103
1103
1038
1038
1038
1038
1038
1038
1029
1029
1029
1029
1029
994
994
994
994
994
1048
1048
1048
1048
1048
1048
1095
1095
1095
1095
1095
1153
1153
1153
1153
1153
1227
1227
1227
1227
1227
1227
1312
1312
1312
1312
1312
1362
1362
1362
1362
1362
1408
1408
1408
1408
1408
1408
1375
1375
1375
1375
1375
1321
1321
1321
1321
1321
1225
1225
1225
1225
1225
1225
1153
1153
1153
1153
1153
1065
1065
1065
1065
1065
1011
1011
1011
1011
1011
1011
979
979
979
979
979
950
950
950
950
950
948
948
948
948
948
948
952
952
952
952
952
950
950
950
950
950
971
971
971
971
971
971
962
962
962
962
962
958
958
958
958
958
956
956
956
956
956
956
957
957
957
957
957
934
934
934
934
934
928
928
928
928
928
928
920
920
920
920
920
901
901
901
901
901
884
884
884
884
884
884
863
863
863
863
863
845
845
845
845
845
835
835
835
835
835
835
841
841
841
841
841
870
870
870
870
870
880
880
880
880
880
880
918
918
918
918
918
931
931
931
931
931
942
942
942
942
942
942
966
966
966
966
966
958
958
958
958
958
954
954
954
954
954
954
928
928
928
928
928
910
910
910
910
910
877
877
877
877
877
877
883
883
883
883
883
905
905
905
905
905
925
925
925
925
925
925
972
972
972
972
972
1023
1023
1023
1023
1023
1117
1117
1117
1117
1117
1117
1192
1192
1192
1192
1192
1253
1253
1253
1253
1253
1261
1261
1261
1261
1261
1261
1287
1287
1287
1287
1287
1319
1319
1319
1319
1319
1315
1315
1315
1315
1315
1315
1292
1292
1292
1292
1292
1271
1271
1271
1271
1271
1288
1288
1288
1288
1288
1288
1294
1294
1294
1294
1294
1293
1293
1293
1293
1293
1293
1293
1293
1293
1293
1293
1337
1337
1337
1337
1337
1344
1344
1344
1344
1344
1382
1382
1382
1382
1382
1382
1399
1399
1399
1399
1399
1432
1432
1432
1432
1432
1464
1464
1464
1464
1464
1464
1446
1446
1446
1446
1446
1382
1382
1382
1382
1382
1369
1369
1369
1369
1369
1369
1325
1325
1325
1325
1325
1300
1300
1300
1300
1300
1244
1244
1244
1244
1244
1244
1228
1228
1228
1228
1228
1222
1222
1222
1222
1222
1227
1227
1227
1227
1227
1227
1253
1253
1253
1253
1253
1259
1259
1259
1259
1259
1231
1231
1231
1231
1231
1231
1249
1249
1249
1249
1249
1242
1242
1242
1242
1242
1163
1163
1163
1163
1163
1163
1153
1153
1153
1153
1153
1094
1094
1094
1094
1094
1051
1051
1051
1051
1051
1051
997
997
997
997
997
936
936
936
936
936
922
922
922
922
922
922
907
907
907
907
907
896
896
896
896
896
914
914
914
914
914
914
927
927
927
927
927
930
930
930
930
930
926
926
926
926
926
926
907
907
907
907
907
891
891
891
891
891
864
864
864
864
864
864
857
857
857
857
857
834
834
834
834
834
801
801
801
801
801
801
786
786
786
786
786
751
751
751
751
751
764
764
764
764
764
764
762
762
762
762
762
750
750
750
750
750
750
750
750
750
750
750
779
779
779
779
779
798
798
798
798
798
831
831
831
831
831
831
859
859
859
859
859
895
895
895
895
895
923
923
923
923
923
923
966
966
966
966
966
1007
1007
1007
1007
1007
1022
1022
1022
1022
1022
1022
994
994
994
994
994
1027
1027
1027
1027
1027
1022
1022
1022
1022
1022
1022
1011
1011
1011
1011
1011
980
980
980
980
980
990
990
990
990
990
990
977
977
977
977
977
968
968
968
968
968
956
956
956
956
956
956
946
946
946
946
946
938
938
938
938
938
924
924
924
924
924
924
871
871
871
871
871
869
869
869
869
869
838
838
838
838
838
838
852
852
852
852
852
861
861
861
861
861
864
864
864
864
864
864
957
957
957
957
957
978
978
978
978
978
1083
1083
1083
1083
1083
1083
1151
1151
1151
1151
1151
1238
1238
1238
1238
1238
1227
1227
1227
1227
1227
1227
1227
1227
1227
1227
1227
1177
1177
1177
1177
1177
1120
1120
1120
1120
1120
1120
1029
1029
1029
1029
1029
933
933
933
933
933
884
884
884
884
884
884
855
855
855
855
855
818
818
818
818
818
845
845
845
845
845
845
858
858
858
858
858
861
861
861
861
861
870
870
870
870
870
870
935
935
935
935
935
896
896
896
896
896
932
932
932
932
932
932
926
926
926
926
926
898
898
898
898
898
916
916
916
916
916
916
898
898
898
898
898
920
920
920
920
920
929
929
929
929
929
929
933
933
933
933
933
966
966
966
966
966
967
967
967
967
967
967
963
963
963
963
963
953
953
953
953
953
934
934
934
934
934
934
906
906
906
906
906
914
914
914
914
914
898
898
898
898
898
898
884
884
884
884
884
893
893
893
893
893
910
910
910
910
910
910
886
886
886
886
886
905
905
905
905
905
906
906
906
906
906
906
913
913
913
913
913
901
901
901
901
901
874
874
874
874
874
874
896